<?xml version="1.0" encoding="utf-8"?>
<COLLADA xmlns="http://www.collada.org/2005/11/COLLADASchema" version="1.4.1">
  <asset><contributor><author>Mixamo</author><authoring_tool>COLLADA Mixamo exporter</authoring_tool><comments></comments></contributor><created>2019-05-10T15:09:42Z</created><modified>2019-05-10T15:09:42Z</modified><revision></revision><title></title><unit meter="0.010000"/><up_axis>Y_UP</up_axis></asset>
  <library_animations>
    <animation id="Hips-anim" name="Hips"><source id="Hips-Matrix-animation-input"><float_array id="Hips-Matrix-animation-input-array" count="29">

0.000000 0.033333 0.066667 0.100000 0.133333 0.166667 0.200000 0.233333 0.266667 0.300000 0.333333 0.366667 0.400000 0.433333 0.466667 0.500000
0.533333 0.566667 0.600000 0.633333 0.666667 0.700000 0.733333 0.766667 0.800000 0.833333 0.866667 0.900000 0.933333</float_array><technique_common><accessor source="#Hips-Matrix-animation-input-array" count="29"><param name="TIME" type="float"/></accessor></technique_common></source><source id="Hips-Matrix-animation-output-transform"><float_array id="Hips-Matrix-animation-output-transform-array" count="464">

0.053914 0.028277 0.998145 0.412322 -0.100401 0.994687 -0.022756 110.421982 -0.993485 -0.098988 0.056467 -0.599628 0.000000 0.000000 0.000000 1.000000
0.059387 0.029059 0.997812 -0.024703 -0.085801 0.996026 -0.023901 111.853317 -0.994541 -0.084194 0.061644 -0.780585 0.000000 0.000000 0.000000 1.000000
0.073780 0.031090 0.996790 -0.382283 -0.073234 0.996984 -0.025675 112.598190 -0.994582 -0.071105 0.075834 -1.047988 0.000000 0.000000 0.000000 1.000000
0.097758 0.036563 0.994538 -0.625939 -0.061791 0.997620 -0.030602 112.587051 -0.993290 -0.058462 0.099784 -1.367268 0.000000 0.000000 0.000000 1.000000
0.128572 0.046617 0.990604 -0.655030 -0.051835 0.997845 -0.040230 111.887787 -0.990345 -0.046175 0.130711 -1.689136 0.000000 0.000000 0.000000 1.000000
0.159878 0.059160 0.985362 -0.553818 -0.043196 0.997666 -0.052890 110.656204 -0.986191 -0.034108 0.162060 -1.995398 0.000000 0.000000 0.000000 1.000000
0.185597 0.069494 0.980166 -0.402197 -0.036256 0.997301 -0.063844 109.129837 -0.981957 -0.023687 0.187615 -2.275109 0.000000 0.000000 0.000000 1.000000
0.203365 0.072886 0.976386 -0.205351 -0.029830 0.997224 -0.068228 107.588181 -0.978648 -0.015250 0.204975 -2.523494 0.000000 0.000000 0.000000 1.000000
0.214021 0.067233 0.974512 0.168540 -0.021245 0.997713 -0.064168 106.337708 -0.976598 -0.006970 0.214960 -2.766783 0.000000 0.000000 0.000000 1.000000
0.218797 0.053462 0.974305 0.785203 -0.005966 0.998553 -0.053452 105.570709 -0.975752 0.005882 0.218799 -3.069221 0.000000 0.000000 0.000000 1.000000
0.216641 0.035159 0.975618 1.582172 0.017297 0.999056 -0.039845 105.432182 -0.976098 0.025508 0.215828 -3.484829 0.000000 0.000000 0.000000 1.000000
0.205874 0.017381 0.978424 2.407894 0.043513 0.998691 -0.026896 106.017372 -0.977611 0.048112 0.204848 -4.047162 0.000000 0.000000 0.000000 1.000000
0.188990 0.004225 0.981970 2.953268 0.064764 0.997760 -0.016758 107.177933 -0.979841 0.066763 0.188293 -4.666926 0.000000 0.000000 0.000000 1.000000
0.173037 -0.003291 0.984910 2.916688 0.076257 0.997037 -0.010066 108.638687 -0.981959 0.076848 0.172775 -5.190652 0.000000 0.000000 0.000000 1.000000
0.163273 -0.006389 0.986560 2.376059 0.076682 0.997036 -0.006234 110.149292 -0.983596 0.076669 0.163279 -5.474108 0.000000 0.000000 0.000000 1.000000
0.158533 -0.006703 0.987331 1.650367 0.069284 0.997587 -0.004352 111.392792 -0.984920 0.069097 0.158615 -5.474840 0.000000 0.000000 0.000000 1.000000
0.150836 -0.004442 0.988549 1.051877 0.056793 0.998377 -0.004179 112.103195 -0.986926 0.056773 0.150844 -5.252547 0.000000 0.000000 0.000000 1.000000
0.132888 0.000477 0.991131 0.709363 0.044798 0.998975 -0.006487 112.124100 -0.990118 0.045263 0.132730 -4.897447 0.000000 0.000000 0.000000 1.000000
0.103808 0.008033 0.994565 0.659137 0.037100 0.999240 -0.011943 111.374016 -0.993905 0.038138 0.103431 -4.482601 0.000000 0.000000 0.000000 1.000000
0.069637 0.017216 0.997424 0.862911 0.034513 0.999211 -0.019656 109.961143 -0.996975 0.035792 0.068988 -4.057088 0.000000 0.000000 0.000000 1.000000
0.039061 0.025491 0.998912 1.223978 0.034480 0.999045 -0.026842 108.242218 -0.998642 0.035491 0.038145 -3.649173 0.000000 0.000000 0.000000 1.000000
0.018254 0.029548 0.999397 1.634754 0.030640 0.999077 -0.030099 106.636429 -0.999364 0.031171 0.017332 -3.255433 0.000000 0.000000 0.000000 1.000000
0.009289 0.027258 0.999585 2.020601 0.016596 0.999487 -0.027409 105.470993 -0.999819 0.016844 0.008832 -2.828259 0.000000 0.000000 0.000000 1.000000
0.011177 0.019691 0.999744 2.252158 -0.010261 0.999756 -0.019576 104.871208 -0.999885 -0.010040 0.011376 -2.313983 0.000000 0.000000 0.000000 1.000000
0.021102 0.011094 0.999716 2.327815 -0.043416 0.999005 -0.010170 104.977089 -0.998834 -0.043189 0.021563 -1.732133 0.000000 0.000000 0.000000 1.000000
0.033591 0.006309 0.999416 2.242418 -0.072718 0.997345 -0.003852 105.747520 -0.996787 -0.072546 0.033961 -1.166399 0.000000 0.000000 0.000000 1.000000
0.041723 0.007791 0.999099 1.909105 -0.091292 0.995816 -0.003953 107.024269 -0.994950 -0.091045 0.042260 -0.754452 0.000000 0.000000 0.000000 1.000000
0.040778 0.014938 0.999057 1.259577 -0.099415 0.994987 -0.010819 108.633774 -0.994210 -0.098880 0.042059 -0.566832 0.000000 0.000000 0.000000 1.000000
0.029830 0.025870 0.999220 0.397620 -0.100400 0.994687 -0.022756 110.421974 -0.994500 -0.099643 0.032269 -0.609407 0.000000 0.000000 0.000000 1.000000</float_array><technique_common><accessor source="#Hips-Matrix-animation-output-transform-array" count="29" stride="16"><param type="float4x4"/></accessor></technique_common></source><source id="Hips-Interpolations"><Name_array id="Hips-Interpolations-array" count="29">
 LINEAR LINEAR LINEAR LINEAR LINEAR LINEAR LINEAR LINEAR LINEAR LINEAR LINEAR
LINEAR LINEAR LINEAR LINEAR LINEAR LINEAR LINEAR LINEAR LINEAR LINEAR LINEAR LINEAR
LINEAR LINEAR LINEAR LINEAR LINEAR LINEAR</Name_array><technique_common><accessor source="#Hips-Interpolations-array" count="29"><param type="name"/></accessor></technique_common></source><sampler id="Hips-Matrix-animation-transform"><input semantic="INPUT" source="#Hips-Matrix-animation-input"/><input semantic="OUTPUT" source="#Hips-Matrix-animation-output-transform"/><input semantic="INTERPOLATION" source="#Hips-Interpolations"/></sampler><channel source="#Hips-Matrix-animation-transform" target="Hips/matrix"/></animation>
    <animation id="Spine-anim" name="Spine"><source id="Spine-Matrix-animation-input"><float_array id="Spine-Matrix-animation-input-array" count="29">

0.000000 0.033333 0.066667 0.100000 0.133333 0.166667 0.200000 0.233333 0.266667 0.300000 0.333333 0.366667 0.400000 0.433333 0.466667 0.500000
0.533333 0.566667 0.600000 0.633333 0.666667 0.700000 0.733333 0.766667 0.800000 0.833333 0.866667 0.900000 0.933333</float_array><technique_common><accessor source="#Spine-Matrix-animation-input-array" count="29"><param name="TIME" type="float"/></accessor></technique_common></source><source id="Spine-Matrix-animation-output-transform"><float_array id="Spine-Matrix-animation-output-transform-array" count="464">

0.976100 -0.088344 -0.198557 -0.005700 0.072899 0.993812 -0.083808 10.895800 0.204732 0.067330 0.976500 -1.278700 0.000000 0.000000 0.000000 1.000000
0.981673 -0.071526 -0.176643 -0.005700 0.058708 0.995320 -0.076760 10.895800 0.181306 0.064983 0.981277 -1.278700 0.000000 0.000000 0.000000 1.000000
0.986723 -0.059355 -0.151180 -0.005700 0.048830 0.996179 -0.072407 10.895800 0.154900 0.064064 0.985851 -1.278700 0.000000 0.000000 0.000000 1.000000
0.991063 -0.051206 -0.123175 -0.005700 0.042990 0.996727 -0.068459 10.895800 0.126277 0.062552 0.990021 -1.278700 0.000000 0.000000 0.000000 1.000000
0.994382 -0.046841 -0.094921 -0.005700 0.040968 0.997178 -0.062903 10.895800 0.097600 0.058661 0.993495 -1.278700 0.000000 0.000000 0.000000 1.000000
0.996580 -0.044324 -0.069738 -0.005700 0.040482 0.997634 -0.055570 10.895800 0.072036 0.052556 0.996016 -1.278700 0.000000 0.000000 0.000000 1.000000
0.997855 -0.041873 -0.050316 -0.005700 0.039436 0.998045 -0.048486 10.895800 0.052248 0.046398 0.997556 -1.278700 0.000000 0.000000 0.000000 1.000000
0.998596 -0.036997 -0.037909 -0.005700 0.035344 0.998433 -0.043383 10.895800 0.039455 0.041982 0.998339 -1.278700 0.000000 0.000000 0.000000 1.000000
0.999070 -0.027780 -0.032987 -0.005700 0.026449 0.998845 -0.040112 10.895800 0.034063 0.039202 0.998651 -1.278700 0.000000 0.000000 0.000000 1.000000
0.999288 -0.012462 -0.035601 -0.005700 0.011112 0.999221 -0.037858 10.895800 0.036045 0.037435 0.998649 -1.278700 0.000000 0.000000 0.000000 1.000000
0.998954 0.007208 -0.045148 -0.005700 -0.008892 0.999268 -0.037207 10.895800 0.044846 0.037570 0.998287 -1.278700 0.000000 0.000000 0.000000 1.000000
0.997905 0.025201 -0.059591 -0.005700 -0.027601 0.998827 -0.039793 10.895800 0.058519 0.041354 0.997429 -1.278700 0.000000 0.000000 0.000000 1.000000
0.996555 0.035463 -0.074965 -0.005700 -0.038972 0.998187 -0.045879 10.895800 0.073202 0.048642 0.996130 -1.278700 0.000000 0.000000 0.000000 1.000000
0.995483 0.036525 -0.087638 -0.005700 -0.041289 0.997731 -0.053177 10.895800 0.085497 0.056555 0.994732 -1.278700 0.000000 0.000000 0.000000 1.000000
0.994752 0.029790 -0.097878 -0.005700 -0.035668 0.997629 -0.058865 10.895800 0.095892 0.062048 0.993456 -1.278700 0.000000 0.000000 0.000000 1.000000
0.993864 0.019777 -0.108823 -0.005700 -0.026626 0.997730 -0.061851 10.895800 0.107353 0.064369 0.992135 -1.278700 0.000000 0.000000 0.000000 1.000000
0.992228 0.009303 -0.124081 -0.005700 -0.017248 0.997858 -0.063106 10.895800 0.123228 0.064755 0.990263 -1.278700 0.000000 0.000000 0.000000 1.000000
0.989547 0.003283 -0.144176 -0.005700 -0.012538 0.997914 -0.063335 10.895800 0.143667 0.064480 0.987523 -1.278700 0.000000 0.000000 0.000000 1.000000
0.985971 0.003799 -0.166874 -0.005700 -0.014390 0.997954 -0.062301 10.895800 0.166296 0.063828 0.984008 -1.278700 0.000000 0.000000 0.000000 1.000000
0.981903 0.009012 -0.189168 -0.005700 -0.020653 0.998005 -0.059658 10.895800 0.188253 0.062485 0.980131 -1.278700 0.000000 0.000000 0.000000 1.000000
0.977957 0.014039 -0.208336 -0.005700 -0.026274 0.998081 -0.056079 10.895800 0.207149 0.060317 0.976448 -1.278700 0.000000 0.000000 0.000000 1.000000
0.974894 0.012101 -0.222340 -0.005700 -0.024607 0.998261 -0.053562 10.895800 0.221305 0.057689 0.973497 -1.278700 0.000000 0.000000 0.000000 1.000000
0.973138 -0.001394 -0.230218 -0.005700 -0.011439 0.998454 -0.054396 10.895800 0.229937 0.055569 0.971618 -1.278700 0.000000 0.000000 0.000000 1.000000
0.972199 -0.026521 -0.232651 -0.005700 0.012852 0.998111 -0.060074 10.895800 0.233805 0.055413 0.970703 -1.278700 0.000000 0.000000 0.000000 1.000000
0.971326 -0.055405 -0.231205 -0.005700 0.040313 0.996767 -0.069499 10.895800 0.234308 0.058186 0.970420 -1.278700 0.000000 0.000000 0.000000 1.000000
0.970708 -0.078444 -0.227094 -0.005700 0.061813 0.994920 -0.079452 10.895800 0.232173 0.063088 0.970626 -1.278700 0.000000 0.000000 0.000000 1.000000
0.971214 -0.090295 -0.220431 -0.005700 0.072817 0.993615 -0.086183 10.895800 0.226806 0.067651 0.971588 -1.278700 0.000000 0.000000 0.000000 1.000000
0.973116 -0.092381 -0.210976 -0.005700 0.075280 0.993297 -0.087714 10.895800 0.217665 0.069474 0.973548 -1.278700 0.000000 0.000000 0.000000 1.000000
0.976100 -0.088343 -0.198556 -0.005700 0.072899 0.993812 -0.083808 10.895800 0.204731 0.067330 0.976500 -1.278700 0.000000 0.000000 0.000000 1.000000</float_array><technique_common><accessor source="#Spine-Matrix-animation-output-transform-array" count="29" stride="16"><param type="float4x4"/></accessor></technique_common></source><source id="Spine-Interpolations"><Name_array id="Spine-Interpolations-array" count="29">
 LINEAR LINEAR LINEAR LINEAR LINEAR LINEAR LINEAR LINEAR LINEAR LINEAR LINEAR
LINEAR LINEAR LINEAR LINEAR LINEAR LINEAR LINEAR LINEAR LINEAR LINEAR LINEAR LINEAR
LINEAR LINEAR LINEAR LINEAR LINEAR LINEAR</Name_array><technique_common><accessor source="#Spine-Interpolations-array" count="29"><param type="name"/></accessor></technique_common></source><sampler id="Spine-Matrix-animation-transform"><input semantic="INPUT" source="#Spine-Matrix-animation-input"/><input semantic="OUTPUT" source="#Spine-Matrix-animation-output-transform"/><input semantic="INTERPOLATION" source="#Spine-Interpolations"/></sampler><channel source="#Spine-Matrix-animation-transform" target="Spine/matrix"/></animation>
    <animation id="Spine1-anim" name="Spine1"><source id="Spine1-Matrix-animation-input"><float_array id="Spine1-Matrix-animation-input-array" count="29">

0.000000 0.033333 0.066667 0.100000 0.133333 0.166667 0.200000 0.233333 0.266667 0.300000 0.333333 0.366667 0.400000 0.433333 0.466667 0.500000
0.533333 0.566667 0.600000 0.633333 0.666667 0.700000 0.733333 0.766667 0.800000 0.833333 0.866667 0.900000 0.933333</float_array><technique_common><accessor source="#Spine1-Matrix-animation-input-array" count="29"><param name="TIME" type="float"/></accessor></technique_common></source><source id="Spine1-Matrix-animation-output-transform"><float_array id="Spine1-Matrix-animation-output-transform-array" count="464">

0.956600 -0.045077 -0.287897 -0.006600 0.037268 0.998775 -0.032550 12.711700 0.289011 0.020408 0.957108 -1.491800 0.000000 0.000000 0.000000 1.000000
0.958809 -0.041906 -0.280942 -0.006600 0.034462 0.998913 -0.031388 12.711700 0.281952 0.020413 0.959211 -1.491800 0.000000 0.000000 0.000000 1.000000
0.961193 -0.039851 -0.272983 -0.006600 0.032584 0.998985 -0.031104 12.711700 0.273945 0.021002 0.961516 -1.491800 0.000000 0.000000 0.000000 1.000000
0.963620 -0.038714 -0.264457 -0.006600 0.031782 0.999031 -0.030444 12.711700 0.265379 0.020932 0.963917 -1.491800 0.000000 0.000000 0.000000 1.000000
0.965874 -0.038120 -0.256191 -0.006600 0.031946 0.999091 -0.028217 12.711700 0.257034 0.019070 0.966214 -1.491800 0.000000 0.000000 0.000000 1.000000
0.967745 -0.037743 -0.249088 -0.006600 0.032678 0.999167 -0.024439 12.711700 0.249803 0.015511 0.968172 -1.491800 0.000000 0.000000 0.000000 1.000000
0.969144 -0.037481 -0.243630 -0.006600 0.033460 0.999227 -0.020623 12.711700 0.244215 0.011835 0.969649 -1.491800 0.000000 0.000000 0.000000 1.000000
0.970092 -0.037135 -0.239879 -0.006600 0.033684 0.999262 -0.018471 12.711700 0.240387 0.009838 0.970627 -1.491800 0.000000 0.000000 0.000000 1.000000
0.970622 -0.036132 -0.237881 -0.006600 0.032695 0.999296 -0.018382 12.711700 0.238378 0.010064 0.971120 -1.491800 0.000000 0.000000 0.000000 1.000000
0.970694 -0.033827 -0.237927 -0.006600 0.030075 0.999360 -0.019381 12.711700 0.238431 0.011658 0.971090 -1.491800 0.000000 0.000000 0.000000 1.000000
0.970251 -0.030218 -0.240208 -0.006600 0.026087 0.999452 -0.020362 12.711700 0.240692 0.013490 0.970508 -1.491800 0.000000 0.000000 0.000000 1.000000
0.969373 -0.026343 -0.244178 -0.006600 0.021849 0.999539 -0.021097 12.711700 0.244621 0.015116 0.969501 -1.491800 0.000000 0.000000 0.000000 1.000000
0.968332 -0.023782 -0.248531 -0.006600 0.018887 0.999578 -0.022061 12.711700 0.248951 0.016669 0.968373 -1.491800 0.000000 0.000000 0.000000 1.000000
0.967400 -0.023599 -0.252153 -0.006600 0.018219 0.999554 -0.023648 12.711700 0.252599 0.018283 0.967398 -1.491800 0.000000 0.000000 0.000000 1.000000
0.966566 -0.025622 -0.255134 -0.006600 0.019684 0.999473 -0.025804 12.711700 0.255660 0.019919 0.966561 -1.491800 0.000000 0.000000 0.000000 1.000000
0.965540 -0.028691 -0.258667 -0.006600 0.022148 0.999358 -0.028175 12.711700 0.259310 0.021476 0.965555 -1.491800 0.000000 0.000000 0.000000 1.000000
0.964054 -0.031528 -0.263828 -0.006600 0.024411 0.999245 -0.030209 12.711700 0.264582 0.022682 0.964096 -1.491800 0.000000 0.000000 0.000000 1.000000
0.962130 -0.033389 -0.270539 -0.006600 0.025928 0.999180 -0.031105 12.711700 0.271355 0.022913 0.962206 -1.491800 0.000000 0.000000 0.000000 1.000000
0.960051 -0.034087 -0.277741 -0.006600 0.026768 0.999188 -0.030102 12.711700 0.278542 0.021465 0.960184 -1.491800 0.000000 0.000000 0.000000 1.000000
0.958128 -0.033770 -0.284342 -0.006600 0.027150 0.999262 -0.027190 12.711700 0.285050 0.018331 0.958337 -1.491800 0.000000 0.000000 0.000000 1.000000
0.956527 -0.032919 -0.289781 -0.006600 0.027250 0.999351 -0.023578 12.711700 0.290369 0.014656 0.956803 -1.491800 0.000000 0.000000 0.000000 1.000000
0.955297 -0.032437 -0.293863 -0.006600 0.027412 0.999399 -0.021202 12.711700 0.294374 0.012199 0.955612 -1.491800 0.000000 0.000000 0.000000 1.000000
0.954469 -0.033343 -0.296441 -0.006600 0.028232 0.999370 -0.021506 12.711700 0.296972 0.012157 0.954809 -1.491800 0.000000 0.000000 0.000000 1.000000
0.954057 -0.036082 -0.297445 -0.006600 0.030148 0.999245 -0.024514 12.711700 0.298105 0.014420 0.954424 -1.491800 0.000000 0.000000 0.000000 1.000000
0.954016 -0.040052 -0.297066 -0.006600 0.032944 0.999039 -0.028897 12.711700 0.297938 0.017781 0.954419 -1.491800 0.000000 0.000000 0.000000 1.000000
0.954275 -0.043856 -0.295694 -0.006600 0.035735 0.998822 -0.032817 12.711700 0.296785 0.020750 0.954719 -1.491800 0.000000 0.000000 0.000000 1.000000
0.954799 -0.046162 -0.293644 -0.006600 0.037557 0.998686 -0.034878 12.711700 0.294868 0.022273 0.955278 -1.491800 0.000000 0.000000 0.000000 1.000000
0.955580 -0.046488 -0.291044 -0.006600 0.038020 0.998675 -0.034685 12.711700 0.292270 0.022079 0.956081 -1.491800 0.000000 0.000000 0.000000 1.000000
0.956600 -0.045077 -0.287897 -0.006600 0.037268 0.998775 -0.032550 12.711700 0.289011 0.020408 0.957108 -1.491800 0.000000 0.000000 0.000000 1.000000</float_array><technique_common><accessor source="#Spine1-Matrix-animation-output-transform-array" count="29" stride="16"><param type="float4x4"/></accessor></technique_common></source><source id="Spine1-Interpolations"><Name_array id="Spine1-Interpolations-array" count="29">
 LINEAR LINEAR LINEAR LINEAR LINEAR LINEAR LINEAR LINEAR LINEAR LINEAR LINEAR
LINEAR LINEAR LINEAR LINEAR LINEAR LINEAR LINEAR LINEAR LINEAR LINEAR LINEAR LINEAR
LINEAR LINEAR LINEAR LINEAR LINEAR LINEAR</Name_array><technique_common><accessor source="#Spine1-Interpolations-array" count="29"><param type="name"/></accessor></technique_common></source><sampler id="Spine1-Matrix-animation-transform"><input semantic="INPUT" source="#Spine1-Matrix-animation-input"/><input semantic="OUTPUT" source="#Spine1-Matrix-animation-output-transform"/><input semantic="INTERPOLATION" source="#Spine1-Interpolations"/></sampler><channel source="#Spine1-Matrix-animation-transform" target="Spine1/matrix"/></animation>
    <animation id="Spine2-anim" name="Spine2"><source id="Spine2-Matrix-animation-input"><float_array id="Spine2-Matrix-animation-input-array" count="29">

0.000000 0.033333 0.066667 0.100000 0.133333 0.166667 0.200000 0.233333 0.266667 0.300000 0.333333 0.366667 0.400000 0.433333 0.466667 0.500000
0.533333 0.566667 0.600000 0.633333 0.666667 0.700000 0.733333 0.766667 0.800000 0.833333 0.866667 0.900000 0.933333</float_array><technique_common><accessor source="#Spine2-Matrix-animation-input-array" count="29"><param name="TIME" type="float"/></accessor></technique_common></source><source id="Spine2-Matrix-animation-output-transform"><float_array id="Spine2-Matrix-animation-output-transform-array" count="464">

0.956502 -0.050091 -0.287392 -0.007600 0.043366 0.998617 -0.029723 14.527700 0.288484 0.015968 0.957352 -1.704900 0.000000 0.000000 0.000000 1.000000
0.958738 -0.046919 -0.280392 -0.007600 0.040512 0.998769 -0.028605 14.527700 0.281389 0.016066 0.959459 -1.704900 0.000000 0.000000 0.000000 1.000000
0.961145 -0.044883 -0.272370 -0.007600 0.038612 0.998852 -0.028343 14.527700 0.273330 0.016725 0.961775 -1.704900 0.000000 0.000000 0.000000 1.000000
0.963590 -0.043776 -0.263776 -0.007600 0.037806 0.998902 -0.027669 14.527700 0.264698 0.016689 0.964187 -1.704900 0.000000 0.000000 0.000000 1.000000
0.965855 -0.043200 -0.255456 -0.007600 0.037966 0.998957 -0.025386 14.527700 0.256286 0.014821 0.966487 -1.704900 0.000000 0.000000 0.000000 1.000000
0.967731 -0.042813 -0.248321 -0.007600 0.038674 0.999020 -0.021525 14.527700 0.249000 0.011227 0.968439 -1.704900 0.000000 0.000000 0.000000 1.000000
0.969129 -0.042522 -0.242860 -0.007600 0.039417 0.999067 -0.017631 14.527700 0.243383 0.007514 0.969901 -1.704900 0.000000 0.000000 0.000000 1.000000
0.970072 -0.042166 -0.239129 -0.007600 0.039622 0.999095 -0.015439 14.527700 0.239564 0.005502 0.970865 -1.704900 0.000000 0.000000 0.000000 1.000000
0.970595 -0.041200 -0.237167 -0.007600 0.038658 0.999134 -0.015360 14.527700 0.237595 0.005740 0.971347 -1.704900 0.000000 0.000000 0.000000 1.000000
0.970667 -0.038957 -0.237250 -0.007600 0.036093 0.999214 -0.016403 14.527700 0.237702 0.007359 0.971310 -1.704900 0.000000 0.000000 0.000000 1.000000
0.970240 -0.035391 -0.239543 -0.007600 0.032149 0.999331 -0.017430 14.527700 0.240000 0.009210 0.970729 -1.704900 0.000000 0.000000 0.000000 1.000000
0.969392 -0.031508 -0.243487 -0.007600 0.027914 0.999445 -0.018194 14.527700 0.243925 0.010841 0.969734 -1.704900 0.000000 0.000000 0.000000 1.000000
0.968384 -0.028902 -0.247783 -0.007600 0.024925 0.999505 -0.019172 14.527700 0.248215 0.012390 0.968626 -1.704900 0.000000 0.000000 0.000000 1.000000
0.967474 -0.028675 -0.251341 -0.007600 0.024228 0.999491 -0.020773 14.527700 0.251808 0.014008 0.967676 -1.704900 0.000000 0.000000 0.000000 1.000000
0.966644 -0.030674 -0.254279 -0.007600 0.025674 0.999407 -0.022960 14.527700 0.254832 0.015666 0.966858 -1.704900 0.000000 0.000000 0.000000 1.000000
0.965607 -0.033717 -0.257810 -0.007600 0.028117 0.999282 -0.025380 14.527700 0.258481 0.017258 0.965862 -1.704900 0.000000 0.000000 0.000000 1.000000
0.964103 -0.036510 -0.263005 -0.007600 0.030344 0.999162 -0.027468 14.527700 0.263787 0.018501 0.964403 -1.704900 0.000000 0.000000 0.000000 1.000000
0.962162 -0.038327 -0.269771 -0.007600 0.031832 0.999089 -0.028413 14.527700 0.270614 0.018750 0.962505 -1.704900 0.000000 0.000000 0.000000 1.000000
0.960069 -0.039034 -0.277028 -0.007600 0.032701 0.999088 -0.027445 14.527700 0.277846 0.017290 0.960470 -1.704900 0.000000 0.000000 0.000000 1.000000
0.958137 -0.038807 -0.283667 -0.007600 0.033196 0.999147 -0.024562 14.527700 0.284379 0.014117 0.958608 -1.704900 0.000000 0.000000 0.000000 1.000000
0.956533 -0.038089 -0.289125 -0.007600 0.033447 0.999220 -0.020981 14.527700 0.289698 0.010398 0.957062 -1.704900 0.000000 0.000000 0.000000 1.000000
0.955304 -0.037690 -0.293214 -0.007600 0.033705 0.999258 -0.018631 14.527700 0.293698 0.007915 0.955865 -1.704900 0.000000 0.000000 0.000000 1.000000
0.954470 -0.038559 -0.295803 -0.007600 0.034498 0.999225 -0.018938 14.527700 0.296304 0.007871 0.955061 -1.704900 0.000000 0.000000 0.000000 1.000000
0.954041 -0.041166 -0.296835 -0.007600 0.036293 0.999101 -0.021912 14.527700 0.297470 0.010132 0.954677 -1.704900 0.000000 0.000000 0.000000 1.000000
0.953973 -0.044995 -0.296498 -0.007600 0.038962 0.998896 -0.026227 14.527700 0.297351 0.013468 0.954673 -1.704900 0.000000 0.000000 0.000000 1.000000
0.954201 -0.048729 -0.295172 -0.007600 0.041698 0.998678 -0.030071 14.527700 0.296247 0.016385 0.954971 -1.704900 0.000000 0.000000 0.000000 1.000000
0.954702 -0.051050 -0.293152 -0.007600 0.043545 0.998537 -0.032073 14.527700 0.294361 0.017855 0.955528 -1.704900 0.000000 0.000000 0.000000 1.000000
0.955474 -0.051437 -0.290558 -0.007600 0.044067 0.998521 -0.031855 14.527700 0.291766 0.017633 0.956327 -1.704900 0.000000 0.000000 0.000000 1.000000
0.956502 -0.050091 -0.287392 -0.007600 0.043366 0.998617 -0.029723 14.527700 0.288484 0.015968 0.957352 -1.704900 0.000000 0.000000 0.000000 1.000000</float_array><technique_common><accessor source="#Spine2-Matrix-animation-output-transform-array" count="29" stride="16"><param type="float4x4"/></accessor></technique_common></source><source id="Spine2-Interpolations"><Name_array id="Spine2-Interpolations-array" count="29">
 LINEAR LINEAR LINEAR LINEAR LINEAR LINEAR LINEAR LINEAR LINEAR LINEAR LINEAR
LINEAR LINEAR LINEAR LINEAR LINEAR LINEAR LINEAR LINEAR LINEAR LINEAR LINEAR LINEAR
LINEAR LINEAR LINEAR LINEAR LINEAR LINEAR</Name_array><technique_common><accessor source="#Spine2-Interpolations-array" count="29"><param type="name"/></accessor></technique_common></source><sampler id="Spine2-Matrix-animation-transform"><input semantic="INPUT" source="#Spine2-Matrix-animation-input"/><input semantic="OUTPUT" source="#Spine2-Matrix-animation-output-transform"/><input semantic="INTERPOLATION" source="#Spine2-Interpolations"/></sampler><channel source="#Spine2-Matrix-animation-transform" target="Spine2/matrix"/></animation>
    <animation id="Neck-anim" name="Neck"><source id="Neck-Matrix-animation-input"><float_array id="Neck-Matrix-animation-input-array" count="29">

0.000000 0.033333 0.066667 0.100000 0.133333 0.166667 0.200000 0.233333 0.266667 0.300000 0.333333 0.366667 0.400000 0.433333 0.466667 0.500000
0.533333 0.566667 0.600000 0.633333 0.666667 0.700000 0.733333 0.766667 0.800000 0.833333 0.866667 0.900000 0.933333</float_array><technique_common><accessor source="#Neck-Matrix-animation-input-array" count="29"><param name="TIME" type="float"/></accessor></technique_common></source><source id="Neck-Matrix-animation-output-transform"><float_array id="Neck-Matrix-animation-output-transform-array" count="464">

0.995491 -0.020759 -0.092559 -0.008500 0.015143 0.998025 -0.060971 16.343599 0.093642 0.059295 0.993839 -1.918000 0.000000 0.000000 0.000000 1.000000
0.994888 -0.024476 -0.097969 -0.008500 0.017439 0.997249 -0.072050 16.343599 0.099463 0.069973 0.992578 -1.918000 0.000000 0.000000 0.000000 1.000000
0.994340 -0.025797 -0.103067 -0.008500 0.017659 0.996710 -0.079107 16.343599 0.104769 0.076840 0.991524 -1.918000 0.000000 0.000000 0.000000 1.000000
0.993948 -0.023415 -0.107329 -0.008500 0.014652 0.996548 -0.081720 16.343599 0.108872 0.079653 0.990859 -1.918000 0.000000 0.000000 0.000000 1.000000
0.993745 -0.016935 -0.110378 -0.008500 0.008081 0.996748 -0.080173 16.343599 0.111377 0.078779 0.990651 -1.918000 0.000000 0.000000 0.000000 1.000000
0.993644 -0.008154 -0.112270 -0.008500 -0.000396 0.997114 -0.075923 16.343599 0.112565 0.075485 0.990773 -1.918000 0.000000 0.000000 0.000000 1.000000
0.993552 -0.000775 -0.113376 -0.008500 -0.007357 0.997428 -0.071290 16.343599 0.113140 0.071664 0.990991 -1.918000 0.000000 0.000000 0.000000 1.000000
0.993476 0.001564 -0.114033 -0.008500 -0.009451 0.997596 -0.068650 16.343599 0.113651 0.069280 0.991102 -1.918000 0.000000 0.000000 0.000000 1.000000
0.993444 -0.002095 -0.114300 -0.008500 -0.005813 0.997613 -0.068808 16.343599 0.114171 0.069021 0.991061 -1.918000 0.000000 0.000000 0.000000 1.000000
0.993436 -0.008903 -0.114041 -0.008500 0.000919 0.997556 -0.069872 16.343599 0.114384 0.069309 0.991016 -1.918000 0.000000 0.000000 0.000000 1.000000
0.993475 -0.013883 -0.113204 -0.008500 0.006126 0.997627 -0.068580 16.343599 0.113887 0.067439 0.991202 -1.918000 0.000000 0.000000 0.000000 1.000000
0.993622 -0.013376 -0.111967 -0.008500 0.006261 0.997952 -0.063664 16.343599 0.112589 0.062557 0.991670 -1.918000 0.000000 0.000000 0.000000 1.000000
0.993849 -0.007481 -0.110492 -0.008500 0.001078 0.998322 -0.057899 16.343599 0.110740 0.057424 0.992189 -1.918000 0.000000 0.000000 0.000000 1.000000
0.994093 0.000489 -0.108531 -0.008500 -0.006620 0.998401 -0.056137 16.343599 0.108330 0.056524 0.992507 -1.918000 0.000000 0.000000 0.000000 1.000000
0.994402 0.006759 -0.105448 -0.008500 -0.013242 0.998056 -0.060908 16.343599 0.104832 0.061963 0.992558 -1.918000 0.000000 0.000000 0.000000 1.000000
0.994851 0.009456 -0.100909 -0.008500 -0.016581 0.997408 -0.070010 16.343599 0.099985 0.071323 0.992429 -1.918000 0.000000 0.000000 0.000000 1.000000
0.995384 0.008850 -0.095564 -0.008500 -0.016384 0.996791 -0.078347 16.343599 0.094564 0.079551 0.992335 -1.918000 0.000000 0.000000 0.000000 1.000000
0.995848 0.006103 -0.090828 -0.008500 -0.013570 0.996555 -0.081818 16.343599 0.090016 0.082711 0.992500 -1.918000 0.000000 0.000000 0.000000 1.000000
0.996135 0.002367 -0.087798 -0.008500 -0.009384 0.996783 -0.079591 16.343599 0.087327 0.080108 0.992954 -1.918000 0.000000 0.000000 0.000000 1.000000
0.996259 -0.001085 -0.086407 -0.008500 -0.005289 0.997281 -0.073505 16.343599 0.086251 0.073687 0.993545 -1.918000 0.000000 0.000000 0.000000 1.000000
0.996318 -0.002665 -0.085688 -0.008500 -0.003019 0.997806 -0.066144 16.343599 0.085677 0.066159 0.994124 -1.918000 0.000000 0.000000 0.000000 1.000000
0.996401 -0.001301 -0.084760 -0.008500 -0.003753 0.998225 -0.059440 16.343599 0.084687 0.059544 0.994627 -1.918000 0.000000 0.000000 0.000000 1.000000
0.996509 0.002263 -0.083451 -0.008500 -0.006817 0.998500 -0.054325 16.343599 0.083203 0.054704 0.995030 -1.918000 0.000000 0.000000 0.000000 1.000000
0.996605 0.005338 -0.082156 -0.008500 -0.009554 0.998653 -0.051007 16.343599 0.081773 0.051618 0.995313 -1.918000 0.000000 0.000000 0.000000 1.000000
0.996668 0.005028 -0.081408 -0.008500 -0.009075 0.998737 -0.049423 16.343599 0.081057 0.049997 0.995455 -1.918000 0.000000 0.000000 0.000000 1.000000
0.996655 0.000417 -0.081727 -0.008500 -0.004486 0.998759 -0.049606 16.343599 0.081604 0.049806 0.995420 -1.918000 0.000000 0.000000 0.000000 1.000000
0.996476 -0.006923 -0.083597 -0.008500 0.002601 0.998660 -0.051694 16.343599 0.083843 0.051294 0.995158 -1.918000 0.000000 0.000000 0.000000 1.000000
0.996082 -0.014544 -0.087235 -0.008500 0.009709 0.998406 -0.055597 16.343599 0.087904 0.054532 0.994635 -1.918000 0.000000 0.000000 0.000000 1.000000
0.995491 -0.020759 -0.092559 -0.008500 0.015143 0.998025 -0.060971 16.343599 0.093642 0.059295 0.993839 -1.918000 0.000000 0.000000 0.000000 1.000000</float_array><technique_common><accessor source="#Neck-Matrix-animation-output-transform-array" count="29" stride="16"><param type="float4x4"/></accessor></technique_common></source><source id="Neck-Interpolations"><Name_array id="Neck-Interpolations-array" count="29">
 LINEAR LINEAR LINEAR LINEAR LINEAR LINEAR LINEAR LINEAR LINEAR LINEAR LINEAR
LINEAR LINEAR LINEAR LINEAR LINEAR LINEAR LINEAR LINEAR LINEAR LINEAR LINEAR LINEAR
LINEAR LINEAR LINEAR LINEAR LINEAR LINEAR</Name_array><technique_common><accessor source="#Neck-Interpolations-array" count="29"><param type="name"/></accessor></technique_common></source><sampler id="Neck-Matrix-animation-transform"><input semantic="INPUT" source="#Neck-Matrix-animation-input"/><input semantic="OUTPUT" source="#Neck-Matrix-animation-output-transform"/><input semantic="INTERPOLATION" source="#Neck-Interpolations"/></sampler><channel source="#Neck-Matrix-animation-transform" target="Neck/matrix"/></animation>
    <animation id="Head-anim" name="Head"><source id="Head-Matrix-animation-input"><float_array id="Head-Matrix-animation-input-array" count="29">

0.000000 0.033333 0.066667 0.100000 0.133333 0.166667 0.200000 0.233333 0.266667 0.300000 0.333333 0.366667 0.400000 0.433333 0.466667 0.500000
0.533333 0.566667 0.600000 0.633333 0.666667 0.700000 0.733333 0.766667 0.800000 0.833333 0.866667 0.900000 0.933333</float_array><technique_common><accessor source="#Head-Matrix-animation-input-array" count="29"><param name="TIME" type="float"/></accessor></technique_common></source><source id="Head-Matrix-animation-output-transform"><float_array id="Head-Matrix-animation-output-transform-array" count="464">

0.787723 -0.022916 -0.615603 -0.000000 0.143420 0.978670 0.147089 7.472600 0.599102 -0.204156 0.774208 1.897700 0.000000 0.000000 0.000000 1.000000
0.774784 -0.030204 -0.631504 0.000000 0.149098 0.979414 0.136082 7.472600 0.614394 -0.199590 0.763338 1.897700 0.000000 0.000000 0.000000 1.000000
0.765267 -0.028041 -0.643101 -0.000000 0.152173 0.978615 0.138409 7.472600 0.625467 -0.203783 0.753169 1.897700 0.000000 0.000000 0.000000 1.000000
0.760150 -0.016748 -0.649532 0.000000 0.150611 0.976983 0.151068 7.472600 0.632051 -0.212661 0.745175 1.897700 0.000000 0.000000 0.000000 1.000000
0.758922 0.000341 -0.651182 -0.000000 0.143363 0.975377 0.167593 7.472600 0.635205 -0.220546 0.740186 1.897700 0.000000 0.000000 0.000000 1.000000
0.759720 0.017472 -0.650015 -0.000000 0.132441 0.974527 0.180988 7.472600 0.636620 -0.223589 0.738054 1.897700 0.000000 0.000000 0.000000 1.000000
0.761055 0.029800 -0.648002 0.000000 0.122118 0.974502 0.188239 7.472600 0.637089 -0.222393 0.738011 1.897700 0.000000 0.000000 0.000000 1.000000
0.762701 0.035133 -0.645796 0.000000 0.115776 0.974977 0.189776 7.472600 0.636304 -0.219510 0.739549 1.897700 0.000000 0.000000 0.000000 1.000000
0.764991 0.033773 -0.643155 0.000000 0.113670 0.975867 0.186448 7.472600 0.633931 -0.215739 0.742690 1.897700 0.000000 0.000000 0.000000 1.000000
0.767656 0.027699 -0.640263 0.000000 0.113828 0.977287 0.178755 7.472600 0.630672 -0.210102 0.747068 1.897700 0.000000 0.000000 0.000000 1.000000
0.769585 0.019931 -0.638234 0.000000 0.114502 0.979005 0.168639 7.472600 0.628195 -0.202861 0.751145 1.897700 0.000000 0.000000 0.000000 1.000000
0.769707 0.013925 -0.638246 0.000000 0.115048 0.980368 0.160135 7.472600 0.627946 -0.196686 0.752993 1.897700 0.000000 0.000000 0.000000 1.000000
0.768484 0.012280 -0.639751 -0.000000 0.114877 0.980923 0.156822 7.472600 0.629472 -0.194008 0.752413 1.897700 0.000000 0.000000 0.000000 1.000000
0.768551 0.015092 -0.639610 -0.000000 0.112853 0.980848 0.158747 7.472600 0.629756 -0.194187 0.752129 1.897700 0.000000 0.000000 0.000000 1.000000
0.772934 0.019619 -0.634183 0.000000 0.108660 0.980662 0.162771 7.472600 0.625113 -0.194722 0.755855 1.897700 0.000000 0.000000 0.000000 1.000000
0.781962 0.021957 -0.622940 -0.000000 0.104637 0.980574 0.165911 7.472600 0.614481 -0.194918 0.764473 1.897700 0.000000 0.000000 0.000000 1.000000
0.792343 0.019453 -0.609765 0.000000 0.104979 0.980235 0.167685 7.472600 0.600975 -0.196877 0.774641 1.897700 0.000000 0.000000 0.000000 1.000000
0.799731 0.012277 -0.600232 0.000000 0.112040 0.979174 0.169307 7.472600 0.589811 -0.202650 0.781701 1.897700 0.000000 0.000000 0.000000 1.000000
0.802145 0.003206 -0.597121 -0.000000 0.123653 0.977418 0.171358 7.472600 0.584186 -0.211289 0.783635 1.897700 0.000000 0.000000 0.000000 1.000000
0.801038 -0.004273 -0.598599 0.000000 0.134408 0.975726 0.172898 7.472600 0.583329 -0.218955 0.782167 1.897700 0.000000 0.000000 0.000000 1.000000
0.799444 -0.007988 -0.600687 -0.000000 0.139514 0.975042 0.172711 7.472600 0.584316 -0.221877 0.780606 1.897700 0.000000 0.000000 0.000000 1.000000
0.799380 -0.007766 -0.600776 0.000000 0.137882 0.975601 0.170852 7.472600 0.584791 -0.219412 0.780947 1.897700 0.000000 0.000000 0.000000 1.000000
0.801064 -0.005008 -0.598557 0.000000 0.132317 0.976709 0.168911 7.472600 0.583771 -0.214508 0.783070 1.897700 0.000000 0.000000 0.000000 1.000000
0.803928 -0.001941 -0.594724 0.000000 0.127208 0.977413 0.168765 7.472600 0.580963 -0.211328 0.786016 1.897700 0.000000 0.000000 0.000000 1.000000
0.807184 -0.000758 -0.590299 0.000000 0.125753 0.977265 0.170701 7.472600 0.576749 -0.212019 0.788928 1.897700 0.000000 0.000000 0.000000 1.000000
0.809249 -0.002746 -0.587459 0.000000 0.128497 0.976602 0.172445 7.472600 0.573240 -0.215038 0.790667 1.897700 0.000000 0.000000 0.000000 1.000000
0.807692 -0.007855 -0.589552 -0.000000 0.133792 0.976269 0.170289 7.472600 0.574224 -0.216418 0.789576 1.897700 0.000000 0.000000 0.000000 1.000000
0.800716 -0.015003 -0.598856 0.000000 0.139361 0.976923 0.161862 7.472600 0.582608 -0.213063 0.784329 1.897700 0.000000 0.000000 0.000000 1.000000
0.787723 -0.022916 -0.615603 -0.000000 0.143420 0.978670 0.147089 7.472600 0.599102 -0.204156 0.774208 1.897700 0.000000 0.000000 0.000000 1.000000</float_array><technique_common><accessor source="#Head-Matrix-animation-output-transform-array" count="29" stride="16"><param type="float4x4"/></accessor></technique_common></source><source id="Head-Interpolations"><Name_array id="Head-Interpolations-array" count="29">
 LINEAR LINEAR LINEAR LINEAR LINEAR LINEAR LINEAR LINEAR LINEAR LINEAR LINEAR
LINEAR LINEAR LINEAR LINEAR LINEAR LINEAR LINEAR LINEAR LINEAR LINEAR LINEAR LINEAR
LINEAR LINEAR LINEAR LINEAR LINEAR LINEAR</Name_array><technique_common><accessor source="#Head-Interpolations-array" count="29"><param type="name"/></accessor></technique_common></source><sampler id="Head-Matrix-animation-transform"><input semantic="INPUT" source="#Head-Matrix-animation-input"/><input semantic="OUTPUT" source="#Head-Matrix-animation-output-transform"/><input semantic="INTERPOLATION" source="#Head-Interpolations"/></sampler><channel source="#Head-Matrix-animation-transform" target="Head/matrix"/></animation>
    <animation id="LeftShoulder-anim" name="LeftShoulder"><source id="LeftShoulder-Matrix-animation-input"><float_array id="LeftShoulder-Matrix-animation-input-array" count="29">

0.000000 0.033333 0.066667 0.100000 0.133333 0.166667 0.200000 0.233333 0.266667 0.300000 0.333333 0.366667 0.400000 0.433333 0.466667 0.500000
0.533333 0.566667 0.600000 0.633333 0.666667 0.700000 0.733333 0.766667 0.800000 0.833333 0.866667 0.900000 0.933333</float_array><technique_common><accessor source="#LeftShoulder-Matrix-animation-input-array" count="29"><param name="TIME" type="float"/></accessor></technique_common></source><source id="LeftShoulder-Matrix-animation-output-transform"><float_array id="LeftShoulder-Matrix-animation-output-transform-array" count="464">

0.901124 0.212286 -0.378036 5.550700 -0.235901 0.971634 -0.016698 13.775400 0.363768 0.104226 0.925640 -1.926500 0.000000 0.000000 0.000000 1.000000
0.898596 0.223970 -0.377311 5.550700 -0.247756 0.968706 -0.015032 13.775400 0.362136 0.106988 0.925965 -1.926500 0.000000 0.000000 0.000000 1.000000
0.897061 0.235079 -0.374191 5.550700 -0.258864 0.965815 -0.013826 13.775400 0.358149 0.109267 0.927249 -1.926500 0.000000 0.000000 0.000000 1.000000
0.897500 0.244916 -0.366757 5.550700 -0.268366 0.963222 -0.013498 13.775400 0.349963 0.110539 0.930219 -1.926500 0.000000 0.000000 0.000000 1.000000
0.901350 0.251504 -0.352581 5.550700 -0.274129 0.961578 -0.014876 13.775400 0.335293 0.110062 0.935663 -1.926500 0.000000 0.000000 0.000000 1.000000
0.909685 0.251258 -0.330670 5.550700 -0.272515 0.961969 -0.018752 13.775400 0.313383 0.107171 0.943560 -1.926500 0.000000 0.000000 0.000000 1.000000
0.921812 0.240607 -0.303925 5.550700 -0.260093 0.965268 -0.024700 13.775400 0.287426 0.101817 0.952376 -1.926500 0.000000 0.000000 0.000000 1.000000
0.934523 0.219881 -0.279855 5.550700 -0.237610 0.970877 -0.030639 13.775400 0.264968 0.095130 0.959553 -1.926500 0.000000 0.000000 0.000000 1.000000
0.943434 0.196390 -0.267138 5.550700 -0.213012 0.976442 -0.034437 13.775400 0.254082 0.089393 0.963043 -1.926500 0.000000 0.000000 0.000000 1.000000
0.945554 0.182249 -0.269655 5.550700 -0.198859 0.979389 -0.035379 13.775400 0.257649 0.087076 0.962307 -1.926500 0.000000 0.000000 0.000000 1.000000
0.940606 0.186538 -0.283661 5.550700 -0.204123 0.978373 -0.033475 13.775400 0.271282 0.089389 0.958340 -1.926500 0.000000 0.000000 0.000000 1.000000
0.930590 0.208209 -0.301084 5.550700 -0.227186 0.973418 -0.029038 13.775400 0.287035 0.095425 0.953155 -1.926500 0.000000 0.000000 0.000000 1.000000
0.918982 0.236927 -0.315180 5.550700 -0.257145 0.966086 -0.023540 13.775400 0.298914 0.102680 0.948740 -1.926500 0.000000 0.000000 0.000000 1.000000
0.909419 0.261222 -0.323606 5.550700 -0.282288 0.959140 -0.019065 13.775400 0.305403 0.108689 0.946000 -1.926500 0.000000 0.000000 0.000000 1.000000
0.903489 0.275733 -0.328146 5.550700 -0.297329 0.954633 -0.016485 13.775400 0.308713 0.112462 0.944483 -1.926500 0.000000 0.000000 0.000000 1.000000
0.899886 0.281427 -0.333173 5.550700 -0.303488 0.952718 -0.014959 13.775400 0.313210 0.114576 0.942747 -1.926500 0.000000 0.000000 0.000000 1.000000
0.896062 0.280944 -0.343720 5.550700 -0.303702 0.952678 -0.013053 13.775400 0.323787 0.116085 0.938982 -1.926500 0.000000 0.000000 0.000000 1.000000
