<?xml version="1.0" encoding="utf-8"?>
<COLLADA xmlns="http://www.collada.org/2005/11/COLLADASchema" version="1.4.1">
  <asset><contributor><author>Mixamo</author><authoring_tool>COLLADA Mixamo exporter</authoring_tool><comments></comments></contributor><created>2019-06-14T11:10:01Z</created><modified>2019-06-14T11:10:01Z</modified><revision></revision><title></title><unit meter="0.010000"/><up_axis>Y_UP</up_axis></asset>
  <library_animations>
    <animation id="Hips-anim" name="Hips"><source id="Hips-Matrix-animation-input"><float_array id="Hips-Matrix-animation-input-array" count="70">

0.000000 0.033333 0.066667 0.100000 0.133333 0.166667 0.200000 0.233333 0.266667 0.300000 0.333333 0.366667 0.400000 0.433333 0.466667 0.500000
0.533333 0.566667 0.600000 0.633333 0.666667 0.700000 0.733333 0.766667 0.800000 0.833333 0.866667 0.900000 0.933333 0.966667 1.000000 1.033333
1.066667 1.100000 1.133333 1.166667 1.200000 1.233333 1.266667 1.300000 1.333333 1.366667 1.400000 1.433333 1.466667 1.500000 1.533333 1.566667
1.600000 1.633333 1.666667 1.700000 1.733333 1.766667 1.800000 1.833333 1.866667 1.900000 1.933333 1.966667 2.000000 2.033333 2.066667 2.100000
2.133333 2.166667 2.200000 2.233333 2.266667 2.300000</float_array><technique_common><accessor source="#Hips-Matrix-animation-input-array" count="70"><param name="TIME" type="float"/></accessor></technique_common></source><source id="Hips-Matrix-animation-output-transform"><float_array id="Hips-Matrix-animation-output-transform-array" count="1120">

0.522626 -0.060141 -0.850438 -1.010478 0.069695 0.997184 -0.027688 100.294189 0.849709 -0.044801 0.525346 0.767094 0.000000 0.000000 0.000000 1.000000
0.523254 -0.060025 -0.850060 -0.975172 0.068451 0.997253 -0.028284 100.262352 0.849423 -0.043388 0.525925 0.723139 0.000000 0.000000 0.000000 1.000000
0.522590 -0.060932 -0.850404 -0.911992 0.067910 0.997249 -0.029721 100.217934 0.849876 -0.042219 0.525290 0.690815 0.000000 0.000000 0.000000 1.000000
0.512804 -0.069449 -0.855692 -0.720112 0.073213 0.996629 -0.037012 100.110748 0.855378 -0.043668 0.516161 0.722064 0.000000 0.000000 0.000000 1.000000
0.485907 -0.083770 -0.869987 -0.449613 0.088007 0.995027 -0.046656 99.990700 0.869568 -0.053894 0.490863 0.989860 0.000000 0.000000 0.000000 1.000000
0.441703 -0.092007 -0.892431 -0.190103 0.104635 0.993222 -0.050610 99.861008 0.891039 -0.071025 0.448336 1.558805 0.000000 0.000000 0.000000 1.000000
0.384143 -0.092985 -0.918579 -0.027462 0.121089 0.991396 -0.049718 99.731544 0.915299 -0.092131 0.392098 2.446147 0.000000 0.000000 0.000000 1.000000
0.319699 -0.091938 -0.943048 -0.019055 0.140961 0.988821 -0.048614 99.551483 0.936975 -0.117391 0.329085 3.590962 0.000000 0.000000 0.000000 1.000000
0.259869 -0.089498 -0.961488 -0.101074 0.159642 0.985977 -0.048629 99.255920 0.952356 -0.140856 0.270512 4.847780 0.000000 0.000000 0.000000 1.000000
0.215547 -0.089663 -0.972368 -0.164378 0.171028 0.983850 -0.052809 98.871262 0.961400 -0.154919 0.227401 6.116386 0.000000 0.000000 0.000000 1.000000
0.189849 -0.097030 -0.977007 -0.181095 0.175271 0.982469 -0.063514 98.328415 0.966042 -0.159183 0.203527 7.312720 0.000000 0.000000 0.000000 1.000000
0.182915 -0.109388 -0.977024 -0.135737 0.172887 0.981883 -0.077564 97.636238 0.967808 -0.154728 0.198513 8.376440 0.000000 0.000000 0.000000 1.000000
0.194940 -0.121382 -0.973275 -0.035933 0.162551 0.982588 -0.089986 96.884605 0.967252 -0.140665 0.211276 9.287002 0.000000 0.000000 0.000000 1.000000
0.225811 -0.130883 -0.965339 0.147991 0.145759 0.984318 -0.099361 96.203476 0.963205 -0.118270 0.241347 10.110453 0.000000 0.000000 0.000000 1.000000
0.273688 -0.140367 -0.951521 0.406952 0.128291 0.985781 -0.108521 95.677704 0.953224 -0.092371 0.287804 10.942617 0.000000 0.000000 0.000000 1.000000
0.335927 -0.146696 -0.930394 0.597023 0.112424 0.986980 -0.115026 95.286209 0.935154 -0.065959 0.348046 11.718202 0.000000 0.000000 0.000000 1.000000
0.419694 -0.145167 -0.895982 0.470559 0.096976 0.988649 -0.114756 94.831322 0.902470 -0.038727 0.429008 12.264250 0.000000 0.000000 0.000000 1.000000
0.534303 -0.134322 -0.834552 -0.131641 0.081125 0.990885 -0.107545 94.350021 0.841391 -0.010242 0.540330 12.592411 0.000000 0.000000 0.000000 1.000000
0.675219 -0.107811 -0.729695 -0.982719 0.060271 0.994017 -0.091092 94.167595 0.735150 0.017528 0.677677 12.669386 0.000000 0.000000 0.000000 1.000000
0.821759 -0.068449 -0.565709 -1.953723 0.034639 0.996924 -0.070308 94.105614 0.568781 0.038181 0.821602 12.525570 0.000000 0.000000 0.000000 1.000000
0.940692 -0.034924 -0.337459 -3.004482 0.016282 0.998189 -0.057916 94.037453 0.338871 0.048987 0.939557 12.814087 0.000000 0.000000 0.000000 1.000000
0.996921 -0.015868 -0.076788 -4.027392 0.011803 0.998519 -0.053116 93.934753 0.077517 0.052046 0.995632 14.128870 0.000000 0.000000 0.000000 1.000000
0.988308 -0.005155 0.152382 -4.978610 0.012814 0.998701 -0.049321 93.770325 -0.151929 0.050697 0.987090 15.478359 0.000000 0.000000 0.000000 1.000000
0.950848 0.000949 0.309657 -5.774900 0.016034 0.998503 -0.052295 93.545662 -0.309243 0.054690 0.949409 15.739841 0.000000 0.000000 0.000000 1.000000
0.912740 0.003320 0.408528 -6.399090 0.028064 0.997095 -0.070805 92.413025 -0.407577 0.076092 0.909995 16.075026 0.000000 0.000000 0.000000 1.000000
0.874869 0.011950 0.484211 -6.913000 0.039949 0.994509 -0.096722 91.619141 -0.482709 0.103963 0.869589 16.343246 0.000000 0.000000 0.000000 1.000000
0.837665 0.024646 0.545627 -7.334842 0.044324 0.992619 -0.112884 91.243462 -0.544382 0.118743 0.830390 16.814545 0.000000 0.000000 0.000000 1.000000
0.810072 0.031487 0.585485 -7.743029 0.044275 0.992421 -0.114630 90.702225 -0.584657 0.118781 0.802538 17.077120 0.000000 0.000000 0.000000 1.000000
0.785714 0.037568 0.617448 -8.083992 0.041382 0.992726 -0.113060 90.016136 -0.617204 0.114384 0.778445 17.277086 0.000000 0.000000 0.000000 1.000000
0.752436 0.045507 0.657091 -8.323154 0.043083 0.992074 -0.118041 89.409325 -0.657254 0.117127 0.744512 17.343014 0.000000 0.000000 0.000000 1.000000
0.717413 0.051452 0.694745 -8.504625 0.052319 0.990473 -0.127380 89.033768 -0.694680 0.127733 0.707887 17.264086 0.000000 0.000000 0.000000 1.000000
0.690657 0.060072 0.720683 -8.610909 0.060991 0.988155 -0.140816 88.792435 -0.720606 0.141211 0.678813 17.017208 0.000000 0.000000 0.000000 1.000000
0.671476 0.072167 0.737504 -8.629531 0.068705 0.984896 -0.158930 88.616890 -0.737835 0.157388 0.656376 16.634031 0.000000 0.000000 0.000000 1.000000
0.661910 0.080566 0.745242 -8.603597 0.076536 0.981747 -0.174111 88.635521 -0.745666 0.172283 0.643662 16.356081 0.000000 0.000000 0.000000 1.000000
0.670787 0.082380 0.737061 -8.365839 0.078378 0.980372 -0.180905 88.868797 -0.737497 0.179118 0.651164 16.239382 0.000000 0.000000 0.000000 1.000000
0.699950 0.080170 0.709678 -7.904835 0.072766 0.980503 -0.182534 89.224854 -0.710475 0.179405 0.680469 16.207886 0.000000 0.000000 0.000000 1.000000
0.739238 0.073927 0.669374 -7.286167 0.064559 0.981600 -0.179707 89.634163 -0.670343 0.176060 0.720863 16.209637 0.000000 0.000000 0.000000 1.000000
0.780708 0.065459 0.621459 -6.573186 0.055712 0.983247 -0.173555 90.062828 -0.622408 0.170119 0.763982 16.165184 0.000000 0.000000 0.000000 1.000000
0.824965 0.057756 0.562224 -5.797138 0.046849 0.984353 -0.169863 90.586334 -0.563238 0.166471 0.809352 16.052588 0.000000 0.000000 0.000000 1.000000
0.872074 0.048424 0.486972 -5.002774 0.038960 0.985064 -0.167722 91.226318 -0.487821 0.165238 0.857162 15.804519 0.000000 0.000000 0.000000 1.000000
0.917648 0.035966 0.395764 -4.164065 0.031053 0.986361 -0.161640 92.020798 -0.396180 0.160618 0.904015 15.542294 0.000000 0.000000 0.000000 1.000000
0.956537 0.021982 0.290783 -3.290418 0.024040 0.987817 -0.153753 92.903336 -0.290620 0.154060 0.944355 15.255388 0.000000 0.000000 0.000000 1.000000
0.984559 0.003359 0.175020 -2.428092 0.023007 0.988659 -0.148402 93.849899 -0.173534 0.150137 0.973316 15.021488 0.000000 0.000000 0.000000 1.000000
0.998434 -0.021317 0.051723 -1.648033 0.028450 0.989549 -0.141362 94.836365 -0.048169 0.142612 0.988606 14.787060 0.000000 0.000000 0.000000 1.000000
0.996035 -0.044237 -0.077181 -0.917145 0.033938 0.990934 -0.129992 95.801399 0.082232 0.126858 0.988506 14.520435 0.000000 0.000000 0.000000 1.000000
0.976062 -0.060305 -0.208964 -0.247201 0.035730 0.992198 -0.119444 96.685310 0.214537 0.109119 0.970601 14.248950 0.000000 0.000000 0.000000 1.000000
0.938551 -0.074234 -0.337064 0.285851 0.038171 0.992930 -0.112393 97.461716 0.343024 0.092620 0.934749 13.963907 0.000000 0.000000 0.000000 1.000000
0.887324 -0.087112 -0.452844 0.597432 0.043579 0.993441 -0.105715 98.145020 0.459083 0.074070 0.885300 13.585793 0.000000 0.000000 0.000000 1.000000
0.829832 -0.092533 -0.550288 0.671865 0.047972 0.994334 -0.094860 98.734207 0.555948 0.052319 0.829569 13.080605 0.000000 0.000000 0.000000 1.000000
0.772494 -0.088759 -0.628788 0.544348 0.048275 0.995526 -0.081220 99.199707 0.633184 0.032387 0.773323 12.466911 0.000000 0.000000 0.000000 1.000000
0.719255 -0.078666 -0.690278 0.276416 0.043872 0.996729 -0.067876 99.459991 0.693359 0.018536 0.720354 11.694716 0.000000 0.000000 0.000000 1.000000
0.674528 -0.065179 -0.735366 -0.001091 0.034936 0.997797 -0.056393 99.445633 0.737422 0.012348 0.675320 10.737886 0.000000 0.000000 0.000000 1.000000
0.640674 -0.056693 -0.765717 -0.201061 0.029150 0.998347 -0.049527 99.171646 0.767260 0.009410 0.641267 9.736435 0.000000 0.000000 0.000000 1.000000
0.614809 -0.056306 -0.786663 -0.309754 0.032719 0.998410 -0.045891 98.776718 0.787997 0.002476 0.615674 8.743257 0.000000 0.000000 0.000000 1.000000
0.590881 -0.057112 -0.804735 -0.365060 0.038965 0.998347 -0.042242 98.510612 0.805817 -0.006397 0.592129 7.744822 0.000000 0.000000 0.000000 1.000000
0.566961 -0.055421 -0.821878 -0.404907 0.041413 0.998390 -0.038755 98.431732 0.822703 -0.012064 0.568343 6.739503 0.000000 0.000000 0.000000 1.000000
0.549034 -0.052782 -0.834132 -0.462875 0.042951 0.998467 -0.034909 98.529404 0.834696 -0.016660 0.550459 5.794585 0.000000 0.000000 0.000000 1.000000
0.537846 -0.049431 -0.841593 -0.567029 0.046193 0.998508 -0.029127 98.774078 0.841777 -0.023210 0.539327 4.930880 0.000000 0.000000 0.000000 1.000000
0.532224 -0.048382 -0.845220 -0.635036 0.049112 0.998449 -0.026228 98.981384 0.845178 -0.027551 0.533775 4.313279 0.000000 0.000000 0.000000 1.000000
0.529139 -0.048580 -0.847143 -0.667634 0.051615 0.998354 -0.025012 99.129562 0.846964 -0.030491 0.530776 3.893717 0.000000 0.000000 0.000000 1.000000
0.526943 -0.049280 -0.848471 -0.713349 0.054034 0.998240 -0.024421 99.270081 0.848181 -0.032978 0.528678 3.494523 0.000000 0.000000 0.000000 1.000000
0.525381 -0.050359 -0.849375 -0.776570 0.056422 0.998112 -0.024278 99.413086 0.848994 -0.035168 0.527231 3.093325 0.000000 0.000000 0.000000 1.000000
0.524338 -0.051726 -0.849938 -0.840631 0.058765 0.997972 -0.024482 99.559250 0.849480 -0.037110 0.526314 2.696215 0.000000 0.000000 0.000000 1.000000
0.523692 -0.053277 -0.850240 -0.903026 0.061033 0.997824 -0.024932 99.703049 0.849718 -0.038836 0.525804 2.309481 0.000000 0.000000 0.000000 1.000000
0.523360 -0.054900 -0.850342 -0.964522 0.063180 0.997676 -0.025527 99.839012 0.849767 -0.040365 0.525612 1.939148 0.000000 0.000000 0.000000 1.000000
0.523122 -0.056478 -0.850385 -1.011493 0.065148 0.997532 -0.026175 99.966995 0.849764 -0.041708 0.525510 1.593091 0.000000 0.000000 0.000000 1.000000
0.522902 -0.057895 -0.850424 -1.026079 0.066885 0.997401 -0.026775 100.089180 0.849764 -0.042880 0.525416 1.280111 0.000000 0.000000 0.000000 1.000000
0.522706 -0.059064 -0.850465 -1.026640 0.068401 0.997286 -0.027220 100.201569 0.849765 -0.043945 0.525327 1.003626 0.000000 0.000000 0.000000 1.000000
0.522560 -0.059867 -0.850498 -1.026364 0.069511 0.997202 -0.027484 100.285858 0.849764 -0.044757 0.525259 0.798022 0.000000 0.000000 0.000000 1.000000
0.522537 -0.060102 -0.850496 -1.010837 0.069683 0.997186 -0.027655 100.294235 0.849765 -0.044814 0.525254 0.766973 0.000000 0.000000 0.000000 1.000000</float_array><technique_common><accessor source="#Hips-Matrix-animation-output-transform-array" count="70" stride="16"><param type="float4x4"/></accessor></technique_common></source><source id="Hips-Interpolations"><Name_array id="Hips-Interpolations-array" count="70">
 LINEAR LINEAR LINEAR LINEAR LINEAR LINEAR LINEAR LINEAR LINEAR LINEAR LINEAR
LINEAR LINEAR LINEAR LINEAR LINEAR LINEAR LINEAR LINEAR LINEAR LINEAR LINEAR LINEAR
LINEAR LINEAR LINEAR LINEAR LINEAR LINEAR LINEAR LINEAR LINEAR LINEAR LINEAR LINEAR
LINEAR LINEAR LINEAR LINEAR LINEAR LINEAR LINEAR LINEAR LINEAR LINEAR LINEAR LINEAR
LINEAR LINEAR LINEAR LINEAR LINEAR LINEAR LINEAR LINEAR LINEAR LINEAR LINEAR LINEAR
LINEAR LINEAR LINEAR LINEAR LINEAR LINEAR LINEAR LINEAR LINEAR LINEAR LINEAR</Name_array><technique_common><accessor source="#Hips-Interpolations-array" count="70"><param type="name"/></accessor></technique_common></source><sampler id="Hips-Matrix-animation-transform"><input semantic="INPUT" source="#Hips-Matrix-animation-input"/><input semantic="OUTPUT" source="#Hips-Matrix-animation-output-transform"/><input semantic="INTERPOLATION" source="#Hips-Interpolations"/></sampler><channel source="#Hips-Matrix-animation-transform" target="Hips/matrix"/></animation>
    <animation id="Spine-anim" name="Spine"><source id="Spine-Matrix-animation-input"><float_array id="Spine-Matrix-animation-input-array" count="70">

0.000000 0.033333 0.066667 0.100000 0.133333 0.166667 0.200000 0.233333 0.266667 0.300000 0.333333 0.366667 0.400000 0.433333 0.466667 0.500000
0.533333 0.566667 0.600000 0.633333 0.666667 0.700000 0.733333 0.766667 0.800000 0.833333 0.866667 0.900000 0.933333 0.966667 1.000000 1.033333
1.066667 1.100000 1.133333 1.166667 1.200000 1.233333 1.266667 1.300000 1.333333 1.366667 1.400000 1.433333 1.466667 1.500000 1.533333 1.566667
1.600000 1.633333 1.666667 1.700000 1.733333 1.766667 1.800000 1.833333 1.866667 1.900000 1.933333 1.966667 2.000000 2.033333 2.066667 2.100000
2.133333 2.166667 2.200000 2.233333 2.266667 2.300000</float_array><technique_common><accessor source="#Spine-Matrix-animation-input-array" count="70"><param name="TIME" type="float"/></accessor></technique_common></source><source id="Spine-Matrix-animation-output-transform"><float_array id="Spine-Matrix-animation-output-transform-array" count="1120">

0.998819 0.048537 0.002003 -0.005700 -0.047226 0.979846 -0.194090 10.895800 -0.011383 0.193766 0.980982 -1.278700 0.000000 0.000000 0.000000 1.000000
0.998884 0.047161 0.002554 -0.005700 -0.045771 0.979948 -0.193927 10.895800 -0.011649 0.193594 0.981013 -1.278700 0.000000 0.000000 0.000000 1.000000
0.998944 0.045828 0.003252 -0.005700 -0.044319 0.979862 -0.194698 10.895800 -0.012109 0.194348 0.980858 -1.278700 0.000000 0.000000 0.000000 1.000000
0.999044 0.043352 0.005595 -0.005700 -0.041434 0.979983 -0.194723 10.895800 -0.013924 0.194305 0.980842 -1.278700 0.000000 0.000000 0.000000 1.000000
0.999130 0.040693 0.009166 -0.005700 -0.038153 0.980354 -0.193520 10.895800 -0.016861 0.193002 0.981054 -1.278700 0.000000 0.000000 0.000000 1.000000
0.999270 0.035798 0.013377 -0.005700 -0.032525 0.980439 -0.194119 10.895800 -0.020064 0.193542 0.980887 -1.278700 0.000000 0.000000 0.000000 1.000000
0.999426 0.028918 0.017663 -0.005700 -0.024914 0.980403 -0.195419 10.895800 -0.022968 0.194867 0.980561 -1.278700 0.000000 0.000000 0.000000 1.000000
0.999569 0.022141 0.019266 -0.005700 -0.017949 0.980526 -0.195569 10.895800 -0.023221 0.195139 0.980501 -1.278700 0.000000 0.000000 0.000000 1.000000
0.999717 0.015283 0.018244 -0.005700 -0.011422 0.980626 -0.195556 10.895800 -0.020879 0.195293 0.980523 -1.278700 0.000000 0.000000 0.000000 1.000000
0.999865 0.007001 0.014833 -0.005700 -0.003960 0.980625 -0.195853 10.895800 -0.015917 0.195768 0.980521 -1.278700 0.000000 0.000000 0.000000 1.000000
0.999967 -0.001249 0.008073 -0.005700 0.002796 0.980892 -0.194535 10.895800 -0.007676 0.194551 0.980862 -1.278700 0.000000 0.000000 0.000000 1.000000
0.999966 -0.008148 -0.001163 -0.005700 0.007774 0.981429 -0.191668 10.895800 0.002703 0.191653 0.981459 -1.278700 0.000000 0.000000 0.000000 1.000000
0.999822 -0.014835 -0.011675 -0.005700 0.012363 0.981912 -0.188932 10.895800 0.014267 0.188754 0.981921 -1.278700 0.000000 0.000000 0.000000 1.000000
0.999535 -0.022573 -0.020523 -0.005700 0.018352 0.982261 -0.186618 10.895800 0.024371 0.186155 0.982218 -1.278700 0.000000 0.000000 0.000000 1.000000
0.999169 -0.030287 -0.027289 -0.005700 0.024785 0.982758 -0.183225 10.895800 0.032367 0.182397 0.982692 -1.278700 0.000000 0.000000 0.000000 1.000000
0.998853 -0.035330 -0.032309 -0.005700 0.028999 0.983445 -0.178871 10.895800 0.038093 0.177729 0.983342 -1.278700 0.000000 0.000000 0.000000 1.000000
0.998651 -0.037853 -0.035531 -0.005700 0.031131 0.984313 -0.173664 10.895800 0.041547 0.172324 0.984164 -1.278700 0.000000 0.000000 0.000000 1.000000
0.998599 -0.040112 -0.034521 -0.005700 0.033786 0.985287 -0.167536 10.895800 0.040733 0.166135 0.985261 -1.278700 0.000000 0.000000 0.000000 1.000000
0.998690 -0.048747 -0.015558 -0.005700 0.045565 0.985561 -0.163074 10.895800 0.023283 0.162152 0.986491 -1.278700 0.000000 0.000000 0.000000 1.000000
0.996953 -0.073892 0.024985 -0.005700 0.076907 0.984649 -0.156689 10.895800 -0.013024 0.158133 0.987332 -1.278700 0.000000 0.000000 0.000000 1.000000
0.994938 -0.090246 0.044199 -0.005700 0.095525 0.985919 -0.137253 10.895800 -0.031191 0.140781 0.989549 -1.278700 0.000000 0.000000 0.000000 1.000000
0.996014 -0.079773 0.039904 -0.005700 0.084129 0.988822 -0.123101 10.895800 -0.029638 0.125967 0.991592 -1.278700 0.000000 0.000000 0.000000 1.000000
0.997452 -0.055886 0.044341 -0.005700 0.061008 0.990390 -0.124120 10.895800 -0.036979 0.126509 0.991276 -1.278700 0.000000 0.000000 0.000000 1.000000
0.997336 -0.036738 0.063012 -0.005700 0.044492 0.990976 -0.126440 10.895800 -0.057798 0.128907 0.989971 -1.278700 0.000000 0.000000 0.000000 1.000000
0.995612 -0.029000 0.088968 -0.005700 0.039896 0.991573 -0.123252 10.895800 -0.084644 0.126261 0.988379 -1.278700 0.000000 0.000000 0.000000 1.000000
0.994657 -0.019582 0.101357 -0.005700 0.031616 0.992448 -0.118518 10.895800 -0.098270 0.121089 0.987765 -1.278700 0.000000 0.000000 0.000000 1.000000
0.994288 -0.015759 0.105565 -0.005700 0.028346 0.992511 -0.118822 10.895800 -0.102902 0.121136 0.987288 -1.278700 0.000000 0.000000 0.000000 1.000000
0.993362 -0.012279 0.114372 -0.005700 0.026434 0.992045 -0.123079 10.895800 -0.111951 0.125285 0.985784 -1.278700 0.000000 0.000000 0.000000 1.000000
0.991240 -0.009250 0.131749 -0.005700 0.025975 0.991715 -0.125802 10.895800 -0.129494 0.128122 0.983268 -1.278700 0.000000 0.000000 0.000000 1.000000
0.989308 -0.006580 0.145692 -0.005700 0.025191 0.991676 -0.126268 10.895800 -0.143649 0.128588 0.981239 -1.278700 0.000000 0.000000 0.000000 1.000000
0.988672 -0.003985 0.150039 -0.005700 0.023694 0.991257 -0.129804 10.895800 -0.148210 0.131889 0.980122 -1.278700 0.000000 0.000000 0.000000 1.000000
0.988749 -0.002712 0.149561 -0.005700 0.022948 0.990751 -0.133742 10.895800 -0.147815 0.135669 0.979666 -1.278700 0.000000 0.000000 0.000000 1.000000
0.988985 -0.001196 0.148010 -0.005700 0.021384 0.990631 -0.134881 10.895800 -0.146462 0.136560 0.979745 -1.278700 0.000000 0.000000 0.000000 1.000000
0.989269 0.000530 0.146104 -0.005700 0.019546 0.990525 -0.135936 10.895800 -0.144792 0.137333 0.979885 -1.278700 0.000000 0.000000 0.000000 1.000000
0.989592 0.001119 0.143895 -0.005700 0.019019 0.990180 -0.138497 10.895800 -0.142637 0.139793 0.979853 -1.278700 0.000000 0.000000 0.000000 1.000000
0.989845 0.001522 0.142143 -0.005700 0.018645 0.989914 -0.140440 10.895800 -0.140923 0.141664 0.979833 -1.278700 0.000000 0.000000 0.000000 1.000000
0.990082 0.002965 0.140462 -0.005700 0.017105 0.989796 -0.141460 10.895800 -0.139449 0.142460 0.979928 -1.278700 0.000000 0.000000 0.000000 1.000000
0.990657 0.004095 0.136317 -0.005700 0.015653 0.989529 -0.143484 10.895800 -0.135477 0.144277 0.980219 -1.278700 0.000000 0.000000 0.000000 1.000000
0.991558 0.003501 0.129617 -0.005700 0.015579 0.989177 -0.145900 10.895800 -0.128725 0.146688 0.980771 -1.278700 0.000000 0.000000 0.000000 1.000000
0.992298 0.002615 0.123844 -0.005700 0.015620 0.989155 -0.146041 10.895800 -0.122883 0.146851 0.981496 -1.278700 0.000000 0.000000 0.000000 1.000000
0.992842 0.001750 0.119426 -0.005700 0.015893 0.989065 -0.146620 10.895800 -0.118377 0.147468 0.981957 -1.278700 0.000000 0.000000 0.000000 1.000000
0.993608 0.001841 0.112869 -0.005700 0.014900 0.988979 -0.147301 10.895800 -0.111896 0.148041 0.982631 -1.278700 0.000000 0.000000 0.000000 1.000000
0.994470 0.003412 0.104968 -0.005700 0.012168 0.988999 -0.147424 10.895800 -0.104316 0.147886 0.983488 -1.278700 0.000000 0.000000 0.000000 1.000000
0.994959 0.006636 0.100061 -0.005700 0.008340 0.988876 -0.148508 10.895800 -0.099934 0.148594 0.983836 -1.278700 0.000000 0.000000 0.000000 1.000000
0.995273 0.009289 0.096669 -0.005700 0.005463 0.988484 -0.151225 10.895800 -0.096960 0.151039 0.983761 -1.278700 0.000000 0.000000 0.000000 1.000000
0.995521 0.010396 0.093972 -0.005700 0.004120 0.988222 -0.152974 10.895800 -0.094455 0.152676 0.983752 -1.278700 0.000000 0.000000 0.000000 1.000000
0.995833 0.013130 0.090248 -0.005700 0.000859 0.988187 -0.153252 10.895800 -0.091194 0.152691 0.984058 -1.278700 0.000000 0.000000 0.000000 1.000000
0.996277 0.018152 0.084279 -0.005700 -0.005013 0.988126 -0.153567 10.895800 -0.086065 0.152572 0.984538 -1.278700 0.000000 0.000000 0.000000 1.000000
0.996774 0.023909 0.076615 -0.005700 -0.011775 0.987834 -0.155069 10.895800 -0.079391 0.153666 0.984928 -1.278700 0.000000 0.000000 0.000000 1.000000
0.997339 0.029462 0.066683 -0.005700 -0.018659 0.987394 -0.157177 10.895800 -0.070473 0.155514 0.985317 -1.278700 0.000000 0.000000 0.000000 1.000000
0.997813 0.033813 0.056796 -0.005700 -0.024351 0.986862 -0.159718 10.895800 -0.061450 0.157985 0.985527 -1.278700 0.000000 0.000000 0.000000 1.000000
0.998191 0.036017 0.048141 -0.005700 -0.027737 0.986274 -0.162770 10.895800 -0.053343 0.161141 0.985489 -1.278700 0.000000 0.000000 0.000000 1.000000
0.998472 0.037614 0.040476 -0.005700 -0.030437 0.985781 -0.165254 10.895800 -0.046117 0.163770 0.985420 -1.278700 0.000000 0.000000 0.000000 1.000000
0.998632 0.040007 0.033655 -0.005700 -0.033839 0.985337 -0.167231 10.895800 -0.039852 0.165863 0.985343 -1.278700 0.000000 0.000000 0.000000 1.000000
0.998705 0.042120 0.028523 -0.005700 -0.036689 0.984819 -0.169661 10.895800 -0.035236 0.168394 0.985090 -1.278700 0.000000 0.000000 0.000000 1.000000
0.998764 0.043373 0.024277 -0.005700 -0.038555 0.984284 -0.172334 10.895800 -0.031370 0.171185 0.984739 -1.278700 0.000000 0.000000 0.000000 1.000000
0.998827 0.044218 0.019710 -0.005700 -0.040098 0.983754 -0.174984 10.895800 -0.027127 0.173988 0.984374 -1.278700 0.000000 0.000000 0.000000 1.000000
0.998852 0.045192 0.015857 -0.005700 -0.041665 0.983212 -0.177644 10.895800 -0.023619 0.176779 0.983967 -1.278700 0.000000 0.000000 0.000000 1.000000
0.998843 0.046187 0.013416 -0.005700 -0.043023 0.982714 -0.180062 10.895800 -0.021501 0.179276 0.983564 -1.278700 0.000000 0.000000 0.000000 1.000000
0.998817 0.046971 0.012574 -0.005700 -0.043900 0.982286 -0.182175 10.895800 -0.020909 0.181407 0.983186 -1.278700 0.000000 0.000000 0.000000 1.000000
0.998814 0.047372 0.011237 -0.005700 -0.044498 0.981894 -0.184129 10.895800 -0.019756 0.183411 0.982838 -1.278700 0.000000 0.000000 0.000000 1.000000
0.998832 0.047481 0.008927 -0.005700 -0.044997 0.981540 -0.185886 10.895800 -0.017588 0.185267 0.982531 -1.278700 0.000000 0.000000 0.000000 1.000000
0.998846 0.047506 0.007048 -0.005700 -0.045347 0.981255 -0.187300 10.895800 -0.015814 0.186764 0.982277 -1.278700 0.000000 0.000000 0.000000 1.000000
0.998853 0.047535 0.005673 -0.005700 -0.045615 0.981009 -0.188522 10.895800 -0.014526 0.188048 0.982053 -1.278700 0.000000 0.000000 0.000000 1.000000
0.998854 0.047653 0.004491 -0.005700 -0.045935 0.980736 -0.189859 10.895800 -0.013452 0.189436 0.981801 -1.278700 0.000000 0.000000 0.000000 1.000000
0.998852 0.047780 0.003447 -0.005700 -0.046240 0.980462 -0.191199 10.895800 -0.012515 0.190820 0.981545 -1.278700 0.000000 0.000000 0.000000 1.000000
0.998846 0.047937 0.002819 -0.005700 -0.046505 0.980295 -0.191988 10.895800 -0.011967 0.191635 0.981393 -1.278700 0.000000 0.000000 0.000000 1.000000
0.998840 0.048089 0.002415 -0.005700 -0.046725 0.980182 -0.192511 10.895800 -0.011625 0.192175 0.981292 -1.278700 0.000000 0.000000 0.000000 1.000000
0.998837 0.048173 0.002177 -0.005700 -0.046849 0.980102 -0.192886 10.895800 -0.011426 0.192560 0.981219 -1.278700 0.000000 0.000000 0.000000 1.000000
0.998819 0.048540 0.002043 -0.005700 -0.047221 0.979846 -0.194091 10.895800 -0.011423 0.193766 0.980981 -1.278700 0.000000 0.000000 0.000000 1.000000</float_array><technique_common><accessor source="#Spine-Matrix-animation-output-transform-array" count="70" stride="16"><param type="float4x4"/></accessor></technique_common></source><source id="Spine-Interpolations"><Name_array id="Spine-Interpolations-array" count="70">
 LINEAR LINEAR LINEAR LINEAR LINEAR LINEAR LINEAR LINEAR LINEAR LINEAR LINEAR
LINEAR LINEAR LINEAR LINEAR LINEAR LINEAR LINEAR LINEAR LINEAR LINEAR LINEAR LINEAR
LINEAR LINEAR LINEAR LINEAR LINEAR LINEAR LINEAR LINEAR LINEAR LINEAR LINEAR LINEAR
LINEAR LINEAR LINEAR LINEAR LINEAR LINEAR LINEAR LINEAR LINEAR LINEAR LINEAR LINEAR
LINEAR LINEAR LINEAR LINEAR LINEAR LINEAR LINEAR LINEAR LINEAR LINEAR LINEAR LINEAR
LINEAR LINEAR LINEAR LINEAR LINEAR LINEAR LINEAR LINEAR LINEAR LINEAR LINEAR</Name_array><technique_common><accessor source="#Spine-Interpolations-array" count="70"><param type="name"/></accessor></technique_common></source><sampler id="Spine-Matrix-animation-transform"><input semantic="INPUT" source="#Spine-Matrix-animation-input"/><input semantic="OUTPUT" source="#Spine-Matrix-animation-output-transform"/><input semantic="INTERPOLATION" source="#Spine-Interpolations"/></sampler><channel source="#Spine-Matrix-animation-transform" target="Spine/matrix"/></animation>
    <animation id="Spine1-anim" name="Spine1"><source id="Spine1-Matrix-animation-input"><float_array id="Spine1-Matrix-animation-input-array" count="70">

0.000000 0.033333 0.066667 0.100000 0.133333 0.166667 0.200000 0.233333 0.266667 0.300000 0.333333 0.366667 0.400000 0.433333 0.466667 0.500000
0.533333 0.566667 0.600000 0.633333 0.666667 0.700000 0.733333 0.766667 0.800000 0.833333 0.866667 0.900000 0.933333 0.966667 1.000000 1.033333
1.066667 1.100000 1.133333 1.166667 1.200000 1.233333 1.266667 1.300000 1.333333 1.366667 1.400000 1.433333 1.466667 1.500000 1.533333 1.566667
1.600000 1.633333 1.666667 1.700000 1.733333 1.766667 1.800000 1.833333 1.866667 1.900000 1.933333 1.966667 2.000000 2.033333 2.066667 2.100000
2.133333 2.166667 2.200000 2.233333 2.266667 2.300000</float_array><technique_common><accessor source="#Spine1-Matrix-animation-input-array" count="70"><param name="TIME" type="float"/></accessor></technique_common></source><source id="Spine1-Matrix-animation-output-transform"><float_array id="Spine1-Matrix-animation-output-transform-array" count="1120">

0.995240 0.097449 0.000484 -0.006600 -0.096325 0.984483 -0.146680 12.711700 -0.014770 0.145935 0.989184 -1.491800 0.000000 0.000000 0.000000 1.000000
0.995501 0.094734 0.001704 -0.006600 -0.093465 0.984802 -0.146389 12.711700 -0.015546 0.145571 0.989226 -1.491800 0.000000 0.000000 0.000000 1.000000
0.995742 0.092133 0.003151 -0.006600 -0.090655 0.984829 -0.147968 12.711700 -0.016736 0.147052 0.988987 -1.491800 0.000000 0.000000 0.000000 1.000000
0.996128 0.087561 0.007927 -0.006600 -0.085428 0.985273 -0.148121 12.711700 -0.020780 0.146870 0.988938 -1.491800 0.000000 0.000000 0.000000 1.000000
0.996438 0.082957 0.015118 -0.006600 -0.079881 0.986078 -0.145843 12.711700 -0.027006 0.144115 0.989192 -1.491800 0.000000 0.000000 0.000000 1.000000
0.996976 0.074037 0.023611 -0.006600 -0.069784 0.986644 -0.147188 12.711700 -0.034193 0.145095 0.988827 -1.491800 0.000000 0.000000 0.000000 1.000000
0.997597 0.061271 0.032336 -0.006600 -0.055770 0.987130 -0.149879 12.711700 -0.041103 0.147716 0.988175 -1.491800 0.000000 0.000000 0.000000 1.000000
0.998171 0.048847 0.035631 -0.006600 -0.042977 0.987730 -0.150142 12.711700 -0.042528 0.148336 0.988022 -1.491800 0.000000 0.000000 0.000000 1.000000
0.998779 0.036097 0.033732 -0.006600 -0.030649 0.988211 -0.150002 12.711700 -0.038749 0.148784 0.988110 -1.491800 0.000000 0.000000 0.000000 1.000000
0.999427 0.020063 0.027246 -0.006600 -0.015742 0.988496 -0.150428 12.711700 -0.029951 0.149913 0.988245 -1.491800 0.000000 0.000000 0.000000 1.000000
0.999893 0.003342 0.014222 -0.006600 -0.001206 0.989044 -0.147617 12.711700 -0.014560 0.147584 0.988942 -1.491800 0.000000 0.000000 0.000000 1.000000
0.999930 -0.011208 -0.003771 -0.006600 0.010560 0.989841 -0.141784 12.711700 0.005322 0.141734 0.989890 -1.491800 0.000000 0.000000 0.000000 1.000000
0.999377 -0.025628 -0.024261 -0.006600 0.022088 0.990414 -0.136354 12.711700 0.027523 0.135733 0.990363 -1.491800 0.000000 0.000000 0.000000 1.000000
0.998261 -0.042053 -0.041317 -0.006600 0.036270 0.990596 -0.131928 12.711700 0.046476 0.130200 0.990398 -1.491800 0.000000 0.000000 0.000000 1.000000
0.996832 -0.058173 -0.054236 -0.006600 0.050996 0.990792 -0.125419 12.711700 0.061033 0.122256 0.990620 -1.491800 0.000000 0.000000 0.000000 1.000000
0.995587 -0.068763 -0.063855 -0.006600 0.060964 0.991266 -0.116941 12.711700 0.071339 0.112532 0.991084 -1.491800 0.000000 0.000000 0.000000 1.000000
0.994779 -0.074281 -0.069979 -0.006600 0.066576 0.992065 -0.106653 12.711700 0.077346 0.101437 0.991831 -1.491800 0.000000 0.000000 0.000000 1.000000
0.994564 -0.079180 -0.067631 -0.006600 0.072630 0.992885 -0.094358 12.711700 0.074621 0.088933 0.993238 -1.491800 0.000000 0.000000 0.000000 1.000000
0.994992 -0.095553 -0.029320 -0.006600 0.092776 0.992076 -0.084726 12.711700 0.037184 0.081581 0.995973 -1.491800 0.000000 0.000000 0.000000 1.000000
0.988201 -0.143942 0.052334 -0.006600 0.147388 0.986644 -0.069355 12.711700 -0.041651 0.076250 0.996218 -1.491800 0.000000 0.000000 0.000000 1.000000
0.980259 -0.176514 0.089080 -0.006600 0.179631 0.983329 -0.028220 12.711700 -0.082614 0.043665 0.995625 -1.491800 0.000000 0.000000 0.000000 1.000000
0.984515 -0.157002 0.077982 -0.006600 0.157524 0.987515 -0.000545 12.711700 -0.076923 0.012821 0.996955 -1.491800 0.000000 0.000000 0.000000 1.000000
0.990252 -0.110409 0.084915 -0.006600 0.111091 0.993805 -0.003336 12.711700 -0.084021 0.012737 0.996383 -1.491800 0.000000 0.000000 0.000000 1.000000
0.990075 -0.072151 0.120606 -0.006600 0.073698 0.997245 -0.008403 12.711700 -0.119668 0.017208 0.992665 -1.491800 0.000000 0.000000 0.000000 1.000000
0.983664 -0.056837 0.170809 -0.006600 0.058067 0.998310 -0.002207 12.711700 -0.170395 0.012089 0.985302 -1.491800 0.000000 0.000000 0.000000 1.000000
0.980179 -0.038737 0.194292 -0.006600 0.038214 0.999249 0.006441 12.711700 -0.194395 0.001111 0.980923 -1.491800 0.000000 0.000000 0.000000 1.000000
0.978891 -0.031402 0.201957 -0.006600 0.030938 0.999506 0.005454 12.711700 -0.202029 0.000910 0.979379 -1.491800 0.000000 0.000000 0.000000 1.000000
0.975456 -0.024047 0.218877 -0.006600 0.025436 0.999670 -0.003530 12.711700 -0.218720 0.009011 0.975746 -1.491800 0.000000 0.000000 0.000000 1.000000
0.967439 -0.017592 0.252493 -0.006600 0.020694 0.999739 -0.009631 12.711700 -0.252257 0.014543 0.967551 -1.491800 0.000000 0.000000 0.000000 1.000000
0.960197 -0.012132 0.279060 -0.006600 0.015901 0.999810 -0.011246 12.711700 -0.278870 0.015236 0.960208 -1.491800 0.000000 0.000000 0.000000 1.000000
0.957924 -0.006438 0.286950 -0.006600 0.012342 0.999748 -0.018770 12.711700 -0.286757 0.021521 0.957762 -1.491800 0.000000 0.000000 0.000000 1.000000
0.958324 -0.003369 0.285662 -0.006600 0.011493 0.999576 -0.026766 12.711700 -0.285451 0.028934 0.957957 -1.491800 0.000000 0.000000 0.000000 1.000000
0.959295 -0.000253 0.282405 -0.006600 0.008862 0.999534 -0.029207 12.711700 -0.282266 0.030520 0.958851 -1.491800 0.000000 0.000000 0.000000 1.000000
0.960404 0.003322 0.278590 -0.006600 0.005684 0.999487 -0.031511 12.711700 -0.278552 0.031847 0.959893 -1.491800 0.000000 0.000000 0.000000 1.000000
0.961599 0.004964 0.274415 -0.006600 0.005303 0.999314 -0.036659 12.711700 -0.274408 0.036706 0.960912 -1.491800 0.000000 0.000000 0.000000 1.000000
0.962446 0.006297 0.271402 -0.006600 0.004910 0.999164 -0.040594 12.711700 -0.271430 0.040402 0.961610 -1.491800 0.000000 0.000000 0.000000 1.000000
0.963183 0.009573 0.268677 -0.006600 0.002020 0.999080 -0.042836 12.711700 -0.268840 0.041802 0.962277 -1.491800 0.000000 0.000000 0.000000 1.000000
0.965193 0.012354 0.261248 -0.006600 -0.000073 0.998896 -0.046969 12.711700 -0.261540 0.045315 0.964128 -1.491800 0.000000 0.000000 0.000000 1.000000
0.968430 0.011569 0.249019 -0.006600 0.001328 0.998669 -0.051559 12.711700 -0.249284 0.050261 0.967125 -1.491800 0.000000 0.000000 0.000000 1.000000
0.971027 0.010275 0.238749 -0.006600 0.002137 0.998662 -0.051670 12.711700 -0.238960 0.050683 0.969706 -1.491800 0.000000 0.000000 0.000000 1.000000
0.972848 0.009207 0.231260 -0.006600 0.003083 0.998604 -0.052728 12.711700 -0.231423 0.052009 0.971462 -1.491800 0.000000 0.000000 0.000000 1.000000
0.975549 0.009775 0.219563 -0.006600 0.002150 0.998538 -0.054009 12.711700 -0.219770 0.053160 0.974102 -1.491800 0.000000 0.000000 0.000000 1.000000
0.978656 0.013217 0.205081 -0.006600 -0.002106 0.998522 -0.054300 12.711700 -0.205496 0.052709 0.977238 -1.491800 0.000000 0.000000 0.000000 1.000000
0.980345 0.020168 0.196259 -0.006600 -0.009178 0.998347 -0.056742 12.711700 -0.197079 0.053826 0.978909 -1.491800 0.000000 0.000000 0.000000 1.000000
0.981425 0.025062 0.190204 -0.006600 -0.013416 0.997969 -0.062270 12.711700 -0.191379 0.058562 0.979768 -1.491800 0.000000 0.000000 0.000000 1.000000
0.982283 0.026811 0.185476 -0.006600 -0.014821 0.997727 -0.065729 12.711700 -0.186817 0.061815 0.980448 -1.491800 0.000000 0.000000 0.000000 1.000000
0.983419 0.031934 0.178512 -0.006600 -0.020343 0.997586 -0.066391 12.711700 -0.180202 0.061659 0.981695 -1.491800 0.000000 0.000000 0.000000 1.000000
0.985104 0.041686 0.166830 -0.006600 -0.030811 0.997260 -0.067253 12.711700 -0.169177 0.061111 0.983689 -1.491800 0.000000 0.000000 0.000000 1.000000
0.987026 0.052937 0.151582 -0.006600 -0.042634 0.996605 -0.070438 12.711700 -0.154797 0.063062 0.985932 -1.491800 0.000000 0.000000 0.000000 1.000000
0.989249 0.063498 0.131735 -0.006600 -0.053977 0.995749 -0.074633 12.711700 -0.135914 0.066720 0.988472 -1.491800 0.000000 0.000000 0.000000 1.000000
0.991146 0.071354 0.111974 -0.006600 -0.062637 0.994863 -0.079529 12.711700 -0.117074 0.071811 0.990524 -1.491800 0.000000 0.000000 0.000000 1.000000
0.992672 0.075163 0.094616 -0.006600 -0.067132 0.994084 -0.085379 12.711700 -0.100474 0.078402 0.991846 -1.491800 0.000000 0.000000 0.000000 1.000000
0.993804 0.077968 0.079207 -0.006600 -0.070756 0.993415 -0.090109 12.711700 -0.085711 0.083946 0.992777 -1.491800 0.000000 0.000000 0.000000 1.000000
0.994445 0.082469 0.065405 -0.006600 -0.076148 0.992668 -0.093871 12.711700 -0.072667 0.088369 0.993434 -1.491800 0.000000 0.000000 0.000000 1.000000
0.994734 0.086522 0.054940 -0.006600 -0.080824 0.991839 -0.098602 12.711700 -0.063023 0.093642 0.993609 -1.491800 0.000000 0.000000 0.000000 1.000000
0.994975 0.088797 0.046266 -0.006600 -0.083621 0.991074 -0.103823 12.711700 -0.055072 0.099432 0.993519 -1.491800 0.000000 0.000000 0.000000 1.000000
0.995237 0.090201 0.036981 -0.006600 -0.085709 0.990344 -0.108966 12.711700 -0.046453 0.105277 0.993357 -1.491800 0.000000 0.000000 0.000000 1.000000
0.995341 0.091914 0.029113 -0.006600 -0.088040 0.989553 -0.114165 12.711700 -0.039302 0.111070 0.993035 -1.491800 0.000000 0.000000 0.000000 1.000000
0.995308 0.093713 0.024076 -0.006600 -0.090223 0.988794 -0.118937 12.711700 -0.034952 0.116206 0.992610 -1.491800 0.000000 0.000000 0.000000 1.000000
0.995208 0.095217 0.022241 -0.006600 -0.091787 0.988132 -0.123165 12.711700 -0.033705 0.120533 0.992137 -1.491800 0.000000 0.000000 0.000000 1.000000
0.995192 0.095992 0.019437 -0.006600 -0.092773 0.987548 -0.127048 12.711700 -0.031391 0.124634 0.991706 -1.491800 0.000000 0.000000 0.000000 1.000000
0.995263 0.096102 0.014715 -0.006600 -0.093379 0.987044 -0.130479 12.711700 -0.027064 0.128486 0.991342 -1.491800 0.000000 0.000000 0.000000 1.000000
0.995320 0.096019 0.010899 -0.006600 -0.093723 0.986643 -0.133237 12.711700 -0.023547 0.131592 0.991024 -1.491800 0.000000 0.000000 0.000000 1.000000
0.995356 0.095921 0.008106 -0.006600 -0.093943 0.986295 -0.135634 12.711700 -0.021005 0.134243 0.990726 -1.491800 0.000000 0.000000 0.000000 1.000000
0.995366 0.095990 0.005695 -0.006600 -0.094286 0.985896 -0.138274 12.711700 -0.018888 0.137096 0.990378 -1.491800 0.000000 0.000000 0.000000 1.000000
0.995366 0.096098 0.003555 -0.006600 -0.094641 0.985486 -0.140924 12.711700 -0.017046 0.139935 0.990014 -1.491800 0.000000 0.000000 0.000000 1.000000
0.995345 0.096348 0.002255 -0.006600 -0.095045 0.985223 -0.142484 12.711700 -0.015949 0.141606 0.989795 -1.491800 0.000000 0.000000 0.000000 1.000000
0.995322 0.096607 0.001415 -0.006600 -0.095404 0.985038 -0.143518 12.711700 -0.015259 0.142712 0.989647 -1.491800 0.000000 0.000000 0.000000 1.000000
0.995309 0.096742 0.000916 -0.006600 -0.095598 0.984911 -0.144262 12.711700 -0.014858 0.143498 0.989539 -1.491800 0.000000 0.000000 0.000000 1.000000
0.995243 0.097425 0.000395 -0.006600 -0.096314 0.984485 -0.146672 12.711700 -0.014679 0.145936 0.989185 -1.491800 0.000000 0.000000 0.000000 1.000000</float_array><technique_common><accessor source="#Spine1-Matrix-animation-output-transform-array" count="70" stride="16"><param type="float4x4"/></accessor></technique_common></source><source id="Spine1-Interpolations"><Name_array id="Spine1-Interpolations-array" count="70">
 LINEAR LINEAR LINEAR LINEAR LINEAR LINEAR LINEAR LINEAR LINEAR LINEAR LINEAR
LINEAR LINEAR LINEAR LINEAR LINEAR LINEAR LINEAR LINEAR LINEAR LINEAR LINEAR LINEAR
LINEAR LINEAR LINEAR LINEAR LINEAR LINEAR LINEAR LINEAR LINEAR LINEAR LINEAR LINEAR
LINEAR LINEAR LINEAR LINEAR LINEAR LINEAR LINEAR LINEAR LINEAR LINEAR LINEAR LINEAR
LINEAR LINEAR LINEAR LINEAR LINEAR LINEAR LINEAR LINEAR LINEAR LINEAR LINEAR LINEAR
LINEAR LINEAR LINEAR LINEAR LINEAR LINEAR LINEAR LINEAR LINEAR LINEAR LINEAR</Name_array><technique_common><accessor source="#Spine1-Interpolations-array" count="70"><param type="name"/></accessor></technique_common></source><sampler id="Spine1-Matrix-animation-transform"><input semantic="INPUT" source="#Spine1-Matrix-animation-input"/><input semantic="OUTPUT" source="#Spine1-Matrix-animation-output-transform"/><input semantic="INTERPOLATION" source="#Spine1-Interpolations"/></sampler><channel source="#Spine1-Matrix-animation-transform" target="Spine1/matrix"/></animation>
    <animation id="Spine2-anim" name="Spine2"><source id="Spine2-Matrix-animation-input"><float_array id="Spine2-Matrix-animation-input-array" count="70">

0.000000 0.033333 0.066667 0.100000 0.133333 0.166667 0.200000 0.233333 0.266667 0.300000 0.333333 0.366667 0.400000 0.433333 0.466667 0.500000
0.533333 0.566667 0.600000 0.633333 0.666667 0.700000 0.733333 0.766667 0.800000 0.833333 0.866667 0.900000 0.933333 0.966667 1.000000 1.033333
1.066667 1.100000 1.133333 1.166667 1.200000 1.233333 1.266667 1.300000 1.333333 1.366667 1.400000 1.433333 1.466667 1.500000 1.533333 1.566667
1.600000 1.633333 1.666667 1.700000 1.733333 1.766667 1.800000 1.833333 1.866667 1.900000 1.933333 1.966667 2.000000 2.033333 2.066667 2.100000
