<?xml version="1.0" encoding="utf-8"?>
<COLLADA xmlns="http://www.collada.org/2005/11/COLLADASchema" version="1.4.1">
  <asset><contributor><author>Mixamo</author><authoring_tool>COLLADA Mixamo exporter</authoring_tool><comments></comments></contributor><created>2019-07-22T16:57:35Z</created><modified>2019-07-22T16:57:35Z</modified><revision></revision><title></title><unit meter="0.010000"/><up_axis>Y_UP</up_axis></asset>
  <library_animations>
    <animation id="Hips-anim" name="Hips"><source id="Hips-Matrix-animation-input"><float_array id="Hips-Matrix-animation-input-array" count="25">

0.000000 0.033333 0.066667 0.100000 0.133333 0.166667 0.200000 0.233333 0.266667 0.300000 0.333333 0.366667 0.400000 0.433333 0.466667 0.500000
0.533333 0.566667 0.600000 0.633333 0.666667 0.700000 0.733333 0.766667 0.800000</float_array><technique_common><accessor source="#Hips-Matrix-animation-input-array" count="25"><param name="TIME" type="float"/></accessor></technique_common></source><source id="Hips-Matrix-animation-output-transform"><float_array id="Hips-Matrix-animation-output-transform-array" count="400">

0.998876 -0.031338 -0.035551 0.215945 0.033014 0.998322 0.047570 89.244438 0.034001 -0.048690 0.998235 -0.219068 0.000000 0.000000 0.000000 1.000000
0.995243 -0.057349 -0.078751 0.052875 0.059519 0.997902 0.025485 90.208206 0.077124 -0.030051 0.996569 10.309714 0.000000 0.000000 0.000000 1.000000
0.990390 -0.080166 -0.112695 0.234143 0.080092 0.996774 -0.005188 91.357048 0.112747 -0.003887 0.993616 21.085081 0.000000 0.000000 0.000000 1.000000
0.987009 -0.091695 -0.131928 0.668605 0.086622 0.995282 -0.043706 92.491791 0.135314 0.031710 0.990295 32.390270 0.000000 0.000000 0.000000 1.000000
0.986153 -0.092897 -0.137378 1.326379 0.080972 0.992645 -0.089995 93.349991 0.144728 0.077625 0.986422 44.349419 0.000000 0.000000 0.000000 1.000000
0.986380 -0.089768 -0.137829 2.180032 0.073640 0.990284 -0.117959 93.756752 0.147078 0.106203 0.983407 56.902081 0.000000 0.000000 0.000000 1.000000
0.985940 -0.086810 -0.142778 3.099072 0.069080 0.989779 -0.124763 93.590332 0.152149 0.113146 0.981860 69.525032 0.000000 0.000000 0.000000 1.000000
0.984140 -0.086713 -0.154758 4.051830 0.069702 0.991243 -0.112155 92.675430 0.163129 0.099590 0.981566 81.739868 0.000000 0.000000 0.000000 1.000000
0.982989 -0.084867 -0.162878 5.091676 0.071227 0.993585 -0.087840 91.561043 0.169288 0.074745 0.982728 93.089493 0.000000 0.000000 0.000000 1.000000
0.984923 -0.084229 -0.151104 6.161559 0.074932 0.994988 -0.066206 90.597496 0.155923 0.053885 0.986298 103.931786 0.000000 0.000000 0.000000 1.000000
0.990675 -0.086601 -0.105181 7.109636 0.080320 0.994804 -0.062565 89.586617 0.110052 0.053533 0.992483 113.857399 0.000000 0.000000 0.000000 1.000000
0.996156 -0.083414 -0.026735 8.004828 0.082158 0.995600 -0.045054 88.633125 0.030376 0.042685 0.998627 123.731972 0.000000 0.000000 0.000000 1.000000
0.995726 -0.071829 0.058058 8.501994 0.073596 0.996869 -0.028899 88.457802 -0.055801 0.033049 0.997895 133.212112 0.000000 0.000000 0.000000 1.000000
0.991117 -0.054549 0.121292 8.819419 0.056220 0.998364 -0.010394 88.881859 -0.120527 0.017121 0.992562 143.040207 0.000000 0.000000 0.000000 1.000000
0.987781 -0.036878 0.151421 8.836117 0.036685 0.999319 0.004068 89.797241 -0.151468 0.001536 0.988461 153.244522 0.000000 0.000000 0.000000 1.000000
0.988942 -0.021979 0.146665 8.553727 0.020174 0.999701 0.013785 91.066017 -0.146924 -0.010674 0.989090 164.073090 0.000000 0.000000 0.000000 1.000000
0.990952 -0.014523 0.133427 8.013330 0.011425 0.999648 0.023953 91.978188 -0.133728 -0.022211 0.990769 175.642044 0.000000 0.000000 0.000000 1.000000
0.991999 -0.013466 0.125527 7.080700 0.009134 0.999345 0.035025 92.371239 -0.125916 -0.033598 0.991472 187.922440 0.000000 0.000000 0.000000 1.000000
0.992140 -0.012467 0.124508 5.901848 0.007736 0.999232 0.038416 92.218262 -0.124892 -0.037151 0.991475 200.472382 0.000000 0.000000 0.000000 1.000000
0.992557 -0.007572 0.121549 4.569794 0.001372 0.998697 0.051008 91.193733 -0.121777 -0.050461 0.991274 212.790298 0.000000 0.000000 0.000000 1.000000
0.994067 -0.003567 0.108709 3.199707 -0.003070 0.998144 0.060822 89.992119 -0.108724 -0.060795 0.992211 224.209549 0.000000 0.000000 0.000000 1.000000
0.996296 0.002025 0.085965 1.896200 -0.007355 0.998065 0.061736 88.989449 -0.085673 -0.062140 0.994384 235.150711 0.000000 0.000000 0.000000 1.000000
0.998607 0.002747 0.052695 1.034950 -0.006043 0.998027 0.062492 88.606163 -0.052419 -0.062723 0.996653 245.561035 0.000000 0.000000 0.000000 1.000000
0.999912 -0.007868 0.010635 0.432967 0.007209 0.998133 0.060648 88.667694 -0.011092 -0.060566 0.998103 255.858475 0.000000 0.000000 0.000000 1.000000
0.998910 -0.030263 -0.035531 0.214621 0.031961 0.998325 0.048219 89.243721 0.034012 -0.049302 0.998205 266.088776 0.000000 0.000000 0.000000 1.000000</float_array><technique_common><accessor source="#Hips-Matrix-animation-output-transform-array" count="25" stride="16"><param type="float4x4"/></accessor></technique_common></source><source id="Hips-Interpolations"><Name_array id="Hips-Interpolations-array" count="25">
 LINEAR LINEAR LINEAR LINEAR LINEAR LINEAR LINEAR LINEAR LINEAR LINEAR LINEAR
LINEAR LINEAR LINEAR LINEAR LINEAR LINEAR LINEAR LINEAR LINEAR LINEAR LINEAR LINEAR
LINEAR LINEAR</Name_array><technique_common><accessor source="#Hips-Interpolations-array" count="25"><param type="name"/></accessor></technique_common></source><sampler id="Hips-Matrix-animation-transform"><input semantic="INPUT" source="#Hips-Matrix-animation-input"/><input semantic="OUTPUT" source="#Hips-Matrix-animation-output-transform"/><input semantic="INTERPOLATION" source="#Hips-Interpolations"/></sampler><channel source="#Hips-Matrix-animation-transform" target="Hips/matrix"/></animation>
    <animation id="Spine-anim" name="Spine"><source id="Spine-Matrix-animation-input"><float_array id="Spine-Matrix-animation-input-array" count="25">

0.000000 0.033333 0.066667 0.100000 0.133333 0.166667 0.200000 0.233333 0.266667 0.300000 0.333333 0.366667 0.400000 0.433333 0.466667 0.500000
0.533333 0.566667 0.600000 0.633333 0.666667 0.700000 0.733333 0.766667 0.800000</float_array><technique_common><accessor source="#Spine-Matrix-animation-input-array" count="25"><param name="TIME" type="float"/></accessor></technique_common></source><source id="Spine-Matrix-animation-output-transform"><float_array id="Spine-Matrix-animation-output-transform-array" count="400">

0.987766 -0.151938 0.035108 -0.023100 0.138153 0.748204 -0.648926 13.157000 0.072329 0.645838 0.760041 0.957400 0.000000 0.000000 0.000000 1.000000
0.992276 -0.098928 0.074845 -0.023100 0.123935 0.764559 -0.632526 13.157000 0.005351 0.636917 0.770914 0.957400 0.000000 0.000000 0.000000 1.000000
0.992883 -0.043555 0.110845 -0.023100 0.102052 0.790928 -0.603340 13.157000 -0.061392 0.610358 0.789743 0.957400 0.000000 0.000000 0.000000 1.000000
0.989771 0.005319 0.142563 -0.023100 0.076376 0.824280 -0.561008 13.157000 -0.120495 0.566158 0.815442 0.957400 0.000000 0.000000 0.000000 1.000000
0.983972 0.050527 0.171012 -0.023100 0.043247 0.862767 -0.503749 13.157000 -0.172997 0.503071 0.846754 0.957400 0.000000 0.000000 0.000000 1.000000
0.975475 0.101589 0.195262 -0.023100 -0.001262 0.889685 -0.456572 13.157000 -0.220105 0.445129 0.867995 0.957400 0.000000 0.000000 0.000000 1.000000
0.964034 0.159540 0.212569 -0.023100 -0.054428 0.901352 -0.429654 13.157000 -0.260147 0.402631 0.877617 0.957400 0.000000 0.000000 0.000000 1.000000
0.950736 0.218189 0.220216 -0.023100 -0.106014 0.896375 -0.430433 13.157000 -0.291312 0.385882 0.875347 0.957400 0.000000 0.000000 0.000000 1.000000
0.940206 0.262033 0.217604 -0.023100 -0.139314 0.878835 -0.456334 13.157000 -0.310813 0.398732 0.862791 0.957400 0.000000 0.000000 0.000000 1.000000
0.937500 0.286049 0.198165 -0.023100 -0.155811 0.854247 -0.495969 13.157000 -0.311153 0.434095 0.845426 0.957400 0.000000 0.000000 0.000000 1.000000
0.946242 0.283821 0.155148 -0.023100 -0.163221 0.833080 -0.528522 13.157000 -0.279257 0.474787 0.834622 0.957400 0.000000 0.000000 0.000000 1.000000
0.965447 0.243266 0.093452 -0.023100 -0.149424 0.810556 -0.566279 13.157000 -0.213505 0.532748 0.818899 0.957400 0.000000 0.000000 0.000000 1.000000
0.984714 0.170953 0.033360 -0.023100 -0.118458 0.797718 -0.591282 13.157000 -0.127694 0.578292 0.805775 0.957400 0.000000 0.000000 0.000000 1.000000
0.995882 0.089397 -0.015054 -0.023100 -0.079903 0.787133 -0.611586 13.157000 -0.042824 0.610270 0.791035 0.957400 0.000000 0.000000 0.000000 1.000000
0.998475 0.017880 -0.052229 -0.023100 -0.046600 0.780233 -0.623751 13.157000 0.029598 0.625234 0.779876 0.957400 0.000000 0.000000 0.000000 1.000000
0.995885 -0.035440 -0.083414 -0.023100 -0.024289 0.782341 -0.622376 13.157000 0.087315 0.621841 0.778261 0.957400 0.000000 0.000000 0.000000 1.000000
0.990007 -0.082909 -0.114067 -0.023100 -0.003861 0.792658 -0.609654 13.157000 0.140962 0.604002 0.784417 0.957400 0.000000 0.000000 0.000000 1.000000
0.981768 -0.128045 -0.140487 -0.023100 0.020872 0.807223 -0.589878 13.157000 0.188935 0.576191 0.795178 0.957400 0.000000 0.000000 0.000000 1.000000
0.972935 -0.170185 -0.156313 -0.023100 0.052445 0.821428 -0.567895 13.157000 0.225047 0.544328 0.808122 0.957400 0.000000 0.000000 0.000000 1.000000
0.966215 -0.206136 -0.154714 -0.023100 0.083474 0.818202 -0.568840 13.157000 0.243845 0.536707 0.807766 0.957400 0.000000 0.000000 0.000000 1.000000
0.965107 -0.222975 -0.137298 -0.023100 0.102826 0.804918 -0.584409 13.157000 0.240822 0.549899 0.799760 0.957400 0.000000 0.000000 0.000000 1.000000
0.968394 -0.226359 -0.104757 -0.023100 0.118355 0.786722 -0.605855 13.157000 0.219555 0.574308 0.788648 0.957400 0.000000 0.000000 0.000000 1.000000
0.974517 -0.216282 -0.059482 -0.023100 0.131231 0.764775 -0.630791 13.157000 0.181919 0.606911 0.773670 0.957400 0.000000 0.000000 0.000000 1.000000
0.981565 -0.190870 -0.009885 -0.023100 0.138953 0.748177 -0.648786 13.157000 0.131230 0.635452 0.760907 0.957400 0.000000 0.000000 0.000000 1.000000
0.987763 -0.151955 0.035117 -0.023100 0.138171 0.748201 -0.648925 13.157000 0.072333 0.645836 0.760042 0.957400 0.000000 0.000000 0.000000 1.000000</float_array><technique_common><accessor source="#Spine-Matrix-animation-output-transform-array" count="25" stride="16"><param type="float4x4"/></accessor></technique_common></source><source id="Spine-Interpolations"><Name_array id="Spine-Interpolations-array" count="25">
 LINEAR LINEAR LINEAR LINEAR LINEAR LINEAR LINEAR LINEAR LINEAR LINEAR LINEAR
LINEAR LINEAR LINEAR LINEAR LINEAR LINEAR LINEAR LINEAR LINEAR LINEAR LINEAR LINEAR
LINEAR LINEAR</Name_array><technique_common><accessor source="#Spine-Interpolations-array" count="25"><param type="name"/></accessor></technique_common></source><sampler id="Spine-Matrix-animation-transform"><input semantic="INPUT" source="#Spine-Matrix-animation-input"/><input semantic="OUTPUT" source="#Spine-Matrix-animation-output-transform"/><input semantic="INTERPOLATION" source="#Spine-Interpolations"/></sampler><channel source="#Spine-Matrix-animation-transform" target="Spine/matrix"/></animation>
    <animation id="Spine1-anim" name="Spine1"><source id="Spine1-Matrix-animation-input"><float_array id="Spine1-Matrix-animation-input-array" count="25">

0.000000 0.033333 0.066667 0.100000 0.133333 0.166667 0.200000 0.233333 0.266667 0.300000 0.333333 0.366667 0.400000 0.433333 0.466667 0.500000
0.533333 0.566667 0.600000 0.633333 0.666667 0.700000 0.733333 0.766667 0.800000</float_array><technique_common><accessor source="#Spine1-Matrix-animation-input-array" count="25"><param name="TIME" type="float"/></accessor></technique_common></source><source id="Spine1-Matrix-animation-output-transform"><float_array id="Spine1-Matrix-animation-output-transform-array" count="400">

0.998975 -0.040719 -0.019760 -0.026900 0.037928 0.991378 -0.125428 9.893700 0.024697 0.124550 0.991906 0.057400 0.000000 0.000000 0.000000 1.000000
0.999603 -0.027596 -0.005648 -0.026900 0.026767 0.993043 -0.114668 9.893700 0.008773 0.114471 0.993388 0.057400 0.000000 0.000000 0.000000 1.000000
0.999900 -0.011860 0.007687 -0.026900 0.012599 0.994443 -0.104517 9.893700 -0.006404 0.104603 0.994493 0.057400 0.000000 0.000000 0.000000 1.000000
0.999786 0.003954 0.020321 -0.026900 -0.001989 0.995394 -0.095846 9.893700 -0.020606 0.095785 0.995189 0.057400 0.000000 0.000000 0.000000 1.000000
0.999304 0.018474 0.032397 -0.026900 -0.015532 0.995928 -0.088804 9.893700 -0.033906 0.088239 0.995522 0.057400 0.000000 0.000000 0.000000 1.000000
0.998581 0.030879 0.043377 -0.026900 -0.027055 0.995916 -0.086135 9.893700 -0.045860 0.084839 0.995339 0.057400 0.000000 0.000000 0.000000 1.000000
0.997847 0.040247 0.051774 -0.026900 -0.035419 0.995220 -0.091009 9.893700 -0.055190 0.088979 0.994503 0.057400 0.000000 0.000000 0.000000 1.000000
0.997354 0.045906 0.056363 -0.026900 -0.039937 0.993898 -0.102819 9.893700 -0.060739 0.100296 0.993102 0.057400 0.000000 0.000000 0.000000 1.000000
0.997365 0.045840 0.056229 -0.026900 -0.039015 0.992366 -0.116996 9.893700 -0.061163 0.114494 0.991539 0.057400 0.000000 0.000000 0.000000 1.000000
0.997950 0.040061 0.049913 -0.026900 -0.033267 0.990929 -0.130205 9.893700 -0.054676 0.128277 0.990230 0.057400 0.000000 0.000000 0.000000 1.000000
0.998885 0.029594 0.036780 -0.026900 -0.024112 0.989652 -0.141451 9.893700 -0.040586 0.140406 0.989262 0.057400 0.000000 0.000000 0.000000 1.000000
0.999693 0.016481 0.018494 -0.026900 -0.013504 0.988455 -0.150915 9.893700 -0.020768 0.150619 0.988374 0.057400 0.000000 0.000000 0.000000 1.000000
0.999993 0.003581 -0.001057 -0.026900 -0.003703 0.987360 -0.158451 9.893700 0.000476 0.158454 0.987366 0.057400 0.000000 0.000000 0.000000 1.000000
0.999782 -0.007708 -0.019386 -0.026900 0.004458 0.986714 -0.162408 9.893700 0.020380 0.162287 0.986533 0.057400 0.000000 0.000000 0.000000 1.000000
0.999223 -0.015287 -0.036315 -0.026900 0.009173 0.986596 -0.162925 9.893700 0.038319 0.162465 0.985970 0.057400 0.000000 0.000000 0.000000 1.000000
0.998482 -0.017853 -0.052103 -0.026900 0.009215 0.986825 -0.161528 9.893700 0.054300 0.160802 0.985492 0.057400 0.000000 0.000000 0.000000 1.000000
0.997503 -0.018774 -0.068079 -0.026900 0.007674 0.987123 -0.159782 9.893700 0.070202 0.158860 0.984802 0.057400 0.000000 0.000000 0.000000 1.000000
0.996416 -0.021023 -0.081929 -0.026900 0.007982 0.987668 -0.156361 9.893700 0.084206 0.155147 0.984296 0.057400 0.000000 0.000000 0.000000 1.000000
0.995607 -0.026464 -0.089812 -0.026900 0.012400 0.988044 -0.153674 9.893700 0.092805 0.151885 0.984032 0.057400 0.000000 0.000000 0.000000 1.000000
0.995388 -0.034412 -0.089547 -0.026900 0.020338 0.987928 -0.153575 9.893700 0.093751 0.151046 0.984071 0.057400 0.000000 0.000000 0.000000 1.000000
0.995749 -0.041863 -0.082051 -0.026900 0.028852 0.987683 -0.153783 9.893700 0.087478 0.150761 0.984692 0.057400 0.000000 0.000000 0.000000 1.000000
0.996463 -0.048078 -0.068914 -0.026900 0.037144 0.987686 -0.151975 9.893700 0.075372 0.148877 0.985979 0.057400 0.000000 0.000000 0.000000 1.000000
0.997319 -0.051336 -0.052150 -0.026900 0.043218 0.988288 -0.146352 9.893700 0.059052 0.143706 0.987857 0.057400 0.000000 0.000000 0.000000 1.000000
0.998153 -0.049837 -0.034751 -0.026900 0.044633 0.989546 -0.137135 9.893700 0.041222 0.135331 0.989943 0.057400 0.000000 0.000000 0.000000 1.000000
0.998975 -0.040724 -0.019760 -0.026900 0.037933 0.991377 -0.125426 9.893700 0.024697 0.124548 0.991906 0.057400 0.000000 0.000000 0.000000 1.000000</float_array><technique_common><accessor source="#Spine1-Matrix-animation-output-transform-array" count="25" stride="16"><param type="float4x4"/></accessor></technique_common></source><source id="Spine1-Interpolations"><Name_array id="Spine1-Interpolations-array" count="25">
 LINEAR LINEAR LINEAR LINEAR LINEAR LINEAR LINEAR LINEAR LINEAR LINEAR LINEAR
LINEAR LINEAR LINEAR LINEAR LINEAR LINEAR LINEAR LINEAR LINEAR LINEAR LINEAR LINEAR
LINEAR LINEAR</Name_array><technique_common><accessor source="#Spine1-Interpolations-array" count="25"><param type="name"/></accessor></technique_common></source><sampler id="Spine1-Matrix-animation-transform"><input semantic="INPUT" source="#Spine1-Matrix-animation-input"/><input semantic="OUTPUT" source="#Spine1-Matrix-animation-output-transform"/><input semantic="INTERPOLATION" source="#Spine1-Interpolations"/></sampler><channel source="#Spine1-Matrix-animation-transform" target="Spine1/matrix"/></animation>
    <animation id="Spine2-anim" name="Spine2"><source id="Spine2-Matrix-animation-input"><float_array id="Spine2-Matrix-animation-input-array" count="25">

0.000000 0.033333 0.066667 0.100000 0.133333 0.166667 0.200000 0.233333 0.266667 0.300000 0.333333 0.366667 0.400000 0.433333 0.466667 0.500000
0.533333 0.566667 0.600000 0.633333 0.666667 0.700000 0.733333 0.766667 0.800000</float_array><technique_common><accessor source="#Spine2-Matrix-animation-input-array" count="25"><param name="TIME" type="float"/></accessor></technique_common></source><source id="Spine2-Matrix-animation-output-transform"><float_array id="Spine2-Matrix-animation-output-transform-array" count="400">

0.999147 -0.037511 -0.017296 -0.030800 0.035033 0.991376 -0.126279 10.495100 0.021883 0.125565 0.991844 -0.023100 0.000000 0.000000 0.000000 1.000000
0.999689 -0.024655 -0.003755 -0.030800 0.024057 0.993029 -0.115386 10.495100 0.006574 0.115260 0.993314 -0.023100 0.000000 0.000000 0.000000 1.000000
0.999919 -0.009247 0.008724 -0.030800 0.010114 0.994403 -0.105172 10.495100 -0.007703 0.105251 0.994416 -0.023100 0.000000 0.000000 0.000000 1.000000
0.999772 0.006125 0.020459 -0.030800 -0.004123 0.995325 -0.096495 10.495100 -0.020955 0.096389 0.995123 -0.023100 0.000000 0.000000 0.000000 1.000000
0.999292 0.020168 0.031766 -0.030800 -0.017253 0.995836 -0.089519 10.495100 -0.033439 0.088907 0.995478 -0.023100 0.000000 0.000000 0.000000 1.000000
0.998593 0.032110 0.042191 -0.030800 -0.028344 0.995805 -0.087005 10.495100 -0.044808 0.085687 0.995314 -0.023100 0.000000 0.000000 0.000000 1.000000
0.997890 0.041043 0.050315 -0.030800 -0.036285 0.995091 -0.092070 10.495100 -0.053847 0.090050 0.994481 -0.023100 0.000000 0.000000 0.000000 1.000000
0.997410 0.046454 0.054910 -0.030800 -0.040560 0.993754 -0.103963 10.495100 -0.059397 0.101466 0.993064 -0.023100 0.000000 0.000000 0.000000 1.000000
0.997389 0.046647 0.055122 -0.030800 -0.039888 0.992222 -0.117916 10.495100 -0.060194 0.115409 0.991493 -0.023100 0.000000 0.000000 0.000000 1.000000
0.997908 0.041641 0.049460 -0.030800 -0.034869 0.990813 -0.130667 10.495100 -0.054447 0.128669 0.990192 -0.023100 0.000000 0.000000 0.000000 1.000000
0.998793 0.032175 0.037120 -0.030800 -0.026621 0.989586 -0.141461 10.495100 -0.041285 0.140302 0.989248 -0.023100 0.000000 0.000000 0.000000 1.000000
0.999605 0.020140 0.019616 -0.030800 -0.016959 0.988445 -0.150630 10.495100 -0.022423 0.150238 0.988396 -0.023100 0.000000 0.000000 0.000000 1.000000
0.999964 0.008415 0.000726 -0.030800 -0.008195 0.987383 -0.158138 10.495100 -0.002047 0.158127 0.987417 -0.023100 0.000000 0.000000 0.000000 1.000000
0.999851 -0.001788 -0.017187 -0.030800 -0.001026 0.986734 -0.162345 10.495100 0.017250 0.162338 0.986584 -0.023100 0.000000 0.000000 0.000000 1.000000
0.999375 -0.008692 -0.034274 -0.030800 0.002984 0.986588 -0.163206 10.495100 0.035233 0.163001 0.985997 -0.023100 0.000000 0.000000 0.000000 1.000000
0.998640 -0.010885 -0.050994 -0.030800 0.002480 0.986778 -0.162057 10.495100 0.052084 0.161710 0.985463 -0.023100 0.000000 0.000000 0.000000 1.000000
0.997613 -0.011672 -0.068053 -0.030800 0.000609 0.987058 -0.160360 10.495100 0.069044 0.159935 0.984710 -0.023100 0.000000 0.000000 0.000000 1.000000
0.996483 -0.013968 -0.082623 -0.030800 0.000829 0.987604 -0.156963 10.495100 0.083792 0.156343 0.984142 -0.023100 0.000000 0.000000 0.000000 1.000000
0.995674 -0.019555 -0.090838 -0.030800 0.005318 0.987993 -0.154407 10.495100 0.092767 0.153256 0.983823 -0.023100 0.000000 0.000000 0.000000 1.000000
0.995494 -0.027837 -0.090644 -0.030800 0.013559 0.987904 -0.154474 10.495100 0.093848 0.152549 0.983830 -0.023100 0.000000 0.000000 0.000000 1.000000
0.995896 -0.036145 -0.082973 -0.030800 0.022957 0.987692 -0.154716 10.495100 0.087544 0.152176 0.984469 -0.023100 0.000000 0.000000 0.000000 1.000000
0.996665 -0.043440 -0.069079 -0.030800 0.032449 0.987701 -0.152951 10.495100 0.074874 0.150199 0.985816 -0.023100 0.000000 0.000000 0.000000 1.000000
0.997569 -0.047426 -0.051066 -0.030800 0.039439 0.988288 -0.147415 10.495100 0.057459 0.145043 0.987756 -0.023100 0.000000 0.000000 0.000000 1.000000
0.998401 -0.046257 -0.032485 -0.030800 0.041349 0.989540 -0.138204 10.495100 0.038538 0.136640 0.989871 -0.023100 0.000000 0.000000 0.000000 1.000000
0.999146 -0.037516 -0.017295 -0.030800 0.035039 0.991376 -0.126278 10.495100 0.021883 0.125564 0.991844 -0.023100 0.000000 0.000000 0.000000 1.000000</float_array><technique_common><accessor source="#Spine2-Matrix-animation-output-transform-array" count="25" stride="16"><param type="float4x4"/></accessor></technique_common></source><source id="Spine2-Interpolations"><Name_array id="Spine2-Interpolations-array" count="25">
 LINEAR LINEAR LINEAR LINEAR LINEAR LINEAR LINEAR LINEAR LINEAR LINEAR LINEAR
LINEAR LINEAR LINEAR LINEAR LINEAR LINEAR LINEAR LINEAR LINEAR LINEAR LINEAR LINEAR
LINEAR LINEAR</Name_array><technique_common><accessor source="#Spine2-Interpolations-array" count="25"><param type="name"/></accessor></technique_common></source><sampler id="Spine2-Matrix-animation-transform"><input semantic="INPUT" source="#Spine2-Matrix-animation-input"/><input semantic="OUTPUT" source="#Spine2-Matrix-animation-output-transform"/><input semantic="INTERPOLATION" source="#Spine2-Interpolations"/></sampler><channel source="#Spine2-Matrix-animation-transform" target="Spine2/matrix"/></animation>
    <animation id="Neck-anim" name="Neck"><source id="Neck-Matrix-animation-input"><float_array id="Neck-Matrix-animation-input-array" count="25">

0.000000 0.033333 0.066667 0.100000 0.133333 0.166667 0.200000 0.233333 0.266667 0.300000 0.333333 0.366667 0.400000 0.433333 0.466667 0.500000
0.533333 0.566667 0.600000 0.633333 0.666667 0.700000 0.733333 0.766667 0.800000</float_array><technique_common><accessor source="#Neck-Matrix-animation-input-array" count="25"><param name="TIME" type="float"/></accessor></technique_common></source><source id="Neck-Matrix-animation-output-transform"><float_array id="Neck-Matrix-animation-output-transform-array" count="400">

0.998135 0.035698 0.049528 -0.034600 -0.040520 0.994157 0.100049 26.822201 -0.045667 -0.101869 0.993749 -4.745300 0.000000 0.000000 0.000000 1.000000
0.997917 0.049251 0.041666 -0.034600 -0.052423 0.995511 0.078803 26.822201 -0.037598 -0.080823 0.996019 -4.745300 0.000000 0.000000 0.000000 1.000000
0.997530 0.061819 0.033358 -0.034600 -0.063677 0.996291 0.057879 26.822201 -0.029656 -0.059860 0.997766 -4.745300 0.000000 0.000000 0.000000 1.000000
0.996962 0.073661 0.025326 -0.034600 -0.074678 0.996328 0.041885 26.822201 -0.022148 -0.043649 0.998801 -4.745300 0.000000 0.000000 0.000000 1.000000
0.996157 0.085751 0.017838 -0.034600 -0.086313 0.995702 0.033573 26.822201 -0.014882 -0.034983 0.999277 -4.745300 0.000000 0.000000 0.000000 1.000000
0.995023 0.099000 0.011305 -0.034600 -0.099334 0.994459 0.034409 26.822201 -0.007836 -0.035360 0.999344 -4.745300 0.000000 0.000000 0.000000 1.000000
0.993528 0.113417 0.006173 -0.034600 -0.113580 0.992504 0.045110 26.822201 -0.001010 -0.045519 0.998963 -4.745300 0.000000 0.000000 0.000000 1.000000
0.991801 0.127783 0.001683 -0.034600 -0.127636 0.989832 0.062775 26.822201 0.006355 -0.062475 0.998026 -4.745300 0.000000 0.000000 0.000000 1.000000
0.990038 0.140773 -0.002934 -0.034600 -0.140058 0.986725 0.082198 26.822201 0.014466 -0.080968 0.996612 -4.745300 0.000000 0.000000 0.000000 1.000000
0.988579 0.150551 -0.006836 -0.034600 -0.149182 0.984010 0.097314 26.822201 0.021378 -0.095182 0.995230 -4.745300 0.000000 0.000000 0.000000 1.000000
0.987884 0.154960 -0.008554 -0.034600 -0.153260 0.982755 0.103459 26.822201 0.024439 -0.100894 0.994597 -4.745300 0.000000 0.000000 0.000000 1.000000
0.988491 0.151056 -0.008271 -0.034600 -0.149508 0.983785 0.099065 26.822201 0.023101 -0.096688 0.995047 -4.745300 0.000000 0.000000 0.000000 1.000000
0.990326 0.138580 -0.007022 -0.034600 -0.137481 0.986805 0.085524 26.822201 0.018781 -0.083732 0.996311 -4.745300 0.000000 0.000000 0.000000 1.000000
0.992658 0.120876 -0.004453 -0.034600 -0.120352 0.990695 0.063548 26.822201 0.012093 -0.062546 0.997969 -4.745300 0.000000 0.000000 0.000000 1.000000
0.994908 0.100787 0.000848 -0.034600 -0.100748 0.994211 0.037332 26.822201 0.002920 -0.037228 0.999303 -4.745300 0.000000 0.000000 0.000000 1.000000
0.996828 0.078896 0.010409 -0.034600 -0.079049 0.996756 0.015154 26.822201 -0.009180 -0.015929 0.999831 -4.745300 0.000000 0.000000 0.000000 1.000000
0.997993 0.059117 0.022698 -0.034600 -0.059081 0.998251 -0.002215 26.822201 -0.022789 0.000869 0.999740 -4.745300 0.000000 0.000000 0.000000 1.000000
0.998428 0.043114 0.035812 -0.034600 -0.042906 0.999058 -0.006547 26.822201 -0.036061 0.005001 0.999337 -4.745300 0.000000 0.000000 0.000000 1.000000
0.998376 0.030991 0.047795 -0.034600 -0.031365 0.999483 0.007102 26.822201 -0.047550 -0.008590 0.998832 -4.745300 0.000000 0.000000 0.000000 1.000000
0.998112 0.022153 0.057289 -0.034600 -0.024273 0.999036 0.036586 26.822201 -0.056423 -0.037908 0.997687 -4.745300 0.000000 0.000000 0.000000 1.000000
0.997840 0.016779 0.063510 -0.034600 -0.021414 0.997101 0.073017 26.822201 -0.062100 -0.074219 0.995306 -4.745300 0.000000 0.000000 0.000000 1.000000
0.997742 0.015443 0.065363 -0.034600 -0.022206 0.994325 0.104044 26.822201 -0.063385 -0.105260 0.992423 -4.745300 0.000000 0.000000 0.000000 1.000000
0.997880 0.018646 0.062353 -0.034600 -0.026031 0.992455 0.119811 26.822201 -0.059648 -0.121180 0.990837 -4.745300 0.000000 0.000000 0.000000 1.000000
0.998085 0.025906 0.056165 -0.034600 -0.032377 0.992541 0.117536 26.822201 -0.052701 -0.119129 0.991479 -4.745300 0.000000 0.000000 0.000000 1.000000
0.998135 0.035698 0.049528 -0.034600 -0.040520 0.994157 0.100049 26.822201 -0.045667 -0.101869 0.993749 -4.745300 0.000000 0.000000 0.000000 1.000000</float_array><technique_common><accessor source="#Neck-Matrix-animation-output-transform-array" count="25" stride="16"><param type="float4x4"/></accessor></technique_common></source><source id="Neck-Interpolations"><Name_array id="Neck-Interpolations-array" count="25">
 LINEAR LINEAR LINEAR LINEAR LINEAR LINEAR LINEAR LINEAR LINEAR LINEAR LINEAR
LINEAR LINEAR LINEAR LINEAR LINEAR LINEAR LINEAR LINEAR LINEAR LINEAR LINEAR LINEAR
LINEAR LINEAR</Name_array><technique_common><accessor source="#Neck-Interpolations-array" count="25"><param type="name"/></accessor></technique_common></source><sampler id="Neck-Matrix-animation-transform"><input semantic="INPUT" source="#Neck-Matrix-animation-input"/><input semantic="OUTPUT" source="#Neck-Matrix-animation-output-transform"/><input semantic="INTERPOLATION" source="#Neck-Interpolations"/></sampler><channel source="#Neck-Matrix-animation-transform" target="Neck/matrix"/></animation>
    <animation id="Head-anim" name="Head"><source id="Head-Matrix-animation-input"><float_array id="Head-Matrix-animation-input-array" count="25">

0.000000 0.033333 0.066667 0.100000 0.133333 0.166667 0.200000 0.233333 0.266667 0.300000 0.333333 0.366667 0.400000 0.433333 0.466667 0.500000
0.533333 0.566667 0.600000 0.633333 0.666667 0.700000 0.733333 0.766667 0.800000</float_array><technique_common><accessor source="#Head-Matrix-animation-input-array" count="25"><param name="TIME" type="float"/></accessor></technique_common></source><source id="Head-Matrix-animation-output-transform"><float_array id="Head-Matrix-animation-output-transform-array" count="400">

0.950376 0.087937 0.298418 0.000000 -0.248543 0.791543 0.558288 14.007700 -0.187117 -0.604753 0.774120 3.479100 0.000000 0.000000 0.000000 1.000000
0.960290 0.103503 0.259097 0.000000 -0.237801 0.789335 0.566040 14.007700 -0.145927 -0.605176 0.782603 3.479100 0.000000 0.000000 0.000000 1.000000
0.971410 0.103860 0.213485 -0.000000 -0.210596 0.792100 0.572911 14.007700 -0.109598 -0.601491 0.791326 3.479100 0.000000 0.000000 0.000000 1.000000
0.983428 0.085493 0.159876 -0.000000 -0.163010 0.802936 0.573342 14.007700 -0.079354 -0.589902 0.803566 3.479100 0.000000 0.000000 0.000000 1.000000
0.994060 0.049648 0.096854 0.000000 -0.095921 0.820132 0.564077 14.007700 -0.051427 -0.570016 0.820023 3.479100 0.000000 0.000000 0.000000 1.000000
0.999639 0.003154 0.026669 0.000000 -0.017262 0.836202 0.548149 14.007700 -0.020572 -0.548412 0.835955 3.479100 0.000000 0.000000 0.000000 1.000000
0.998116 -0.042566 -0.044196 0.000000 0.059651 0.841966 0.536223 14.007700 0.014387 -0.537849 0.842918 3.479100 0.000000 0.000000 0.000000 1.000000
0.991319 -0.076235 -0.107120 0.000000 0.122286 0.833900 0.538198 14.007700 0.048297 -0.546625 0.835983 3.479100 0.000000 0.000000 0.000000 1.000000
0.983534 -0.092634 -0.155176 0.000000 0.164589 0.813757 0.557414 14.007700 0.074640 -0.573776 0.815604 3.479100 0.000000 0.000000 0.000000 1.000000
0.978386 -0.095237 -0.183549 0.000000 0.187160 0.785274 0.590183 14.007700 0.087928 -0.611780 0.786126 3.479100 0.000000 0.000000 0.000000 1.000000
0.977060 -0.092816 -0.191674 -0.000000 0.194770 0.753453 0.627992 14.007700 0.086130 -0.650918 0.754247 3.479100 0.000000 0.000000 0.000000 1.000000
0.978980 -0.091485 -0.182288 0.000000 0.190948 0.725201 0.661530 14.007700 0.071676 -0.682432 0.727426 3.479100 0.000000 0.000000 0.000000 1.000000
0.983455 -0.089602 -0.157439 0.000000 0.174346 0.704138 0.688326 14.007700 0.049183 -0.704387 0.708110 3.479100 0.000000 0.000000 0.000000 1.000000
0.989662 -0.082997 -0.116963 0.000000 0.141818 0.687841 0.711873 14.007700 0.021368 -0.721101 0.692501 3.479100 0.000000 0.000000 0.000000 1.000000
0.995813 -0.069630 -0.059224 0.000000 0.090749 0.675304 0.731935 14.007700 -0.010971 -0.734246 0.678795 3.479100 0.000000 0.000000 0.000000 1.000000
0.998593 -0.048804 0.020725 0.000000 0.017456 0.671690 0.740627 14.007700 -0.050066 -0.739223 0.671597 3.479100 0.000000 0.000000 0.000000 1.000000
0.993462 -0.024529 0.111500 -0.000000 -0.065368 0.678493 0.731693 14.007700 -0.093599 -0.734197 0.672453 3.479100 0.000000 0.000000 0.000000 1.000000
0.979683 -0.001538 0.200549 -0.000000 -0.142791 0.696831 0.702878 14.007700 -0.140829 -0.717233 0.682454 3.479100 0.000000 0.000000 0.000000 1.000000
0.961294 0.014844 0.275126 0.000000 -0.200118 0.723981 0.660154 14.007700 -0.189387 -0.689660 0.698929 3.479100 0.000000 0.000000 0.000000 1.000000
0.944309 0.023262 0.328235 0.000000 -0.232511 0.753018 0.615551 14.007700 -0.232848 -0.657589 0.716490 3.479100 0.000000 0.000000 0.000000 1.000000
0.933000 0.027546 0.358819 0.000000 -0.245965 0.776644 0.579936 14.007700 -0.262700 -0.629337 0.731385 3.479100 0.000000 0.000000 0.000000 1.000000
0.929370 0.034228 0.367559 0.000000 -0.250084 0.790768 0.558698 14.007700 -0.271530 -0.611158 0.743476 3.479100 0.000000 0.000000 0.000000 1.000000
0.932972 0.048101 0.356721 0.000000 -0.251737 0.795545 0.551123 14.007700 -0.257278 -0.603983 0.754329 3.479100 0.000000 0.000000 0.000000 1.000000
0.940895 0.068250 0.331752 0.000000 -0.252527 0.794108 0.552831 14.007700 -0.225716 -0.603932 0.764407 3.479100 0.000000 0.000000 0.000000 1.000000
0.950376 0.087937 0.298418 0.000000 -0.248543 0.791543 0.558288 14.007700 -0.187117 -0.604753 0.774120 3.479100 0.000000 0.000000 0.000000 1.000000</float_array><technique_common><accessor source="#Head-Matrix-animation-output-transform-array" count="25" stride="16"><param type="float4x4"/></accessor></technique_common></source><source id="Head-Interpolations"><Name_array id="Head-Interpolations-array" count="25">
 LINEAR LINEAR LINEAR LINEAR LINEAR LINEAR LINEAR LINEAR LINEAR LINEAR LINEAR
LINEAR LINEAR LINEAR LINEAR LINEAR LINEAR LINEAR LINEAR LINEAR LINEAR LINEAR LINEAR
LINEAR LINEAR</Name_array><technique_common><accessor source="#Head-Interpolations-array" count="25"><param type="name"/></accessor></technique_common></source><sampler id="Head-Matrix-animation-transform"><input semantic="INPUT" source="#Head-Matrix-animation-input"/><input semantic="OUTPUT" source="#Head-Matrix-animation-output-transform"/><input semantic="INTERPOLATION" source="#Head-Interpolations"/></sampler><channel source="#Head-Matrix-animation-transform" target="Head/matrix"/></animation>
    <animation id="LeftShoulder-anim" name="LeftShoulder"><source id="LeftShoulder-Matrix-animation-input"><float_array id="LeftShoulder-Matrix-animation-input-array" count="25">

0.000000 0.033333 0.066667 0.100000 0.133333 0.166667 0.200000 0.233333 0.266667 0.300000 0.333333 0.366667 0.400000 0.433333 0.466667 0.500000
0.533333 0.566667 0.600000 0.633333 0.666667 0.700000 0.733333 0.766667 0.800000</float_array><technique_common><accessor source="#LeftShoulder-Matrix-animation-input-array" count="25"><param name="TIME" type="float"/></accessor></technique_common></source><source id="LeftShoulder-Matrix-animation-output-transform"><float_array id="LeftShoulder-Matrix-animation-output-transform-array" count="400">

0.987412 0.158128 0.003642 8.038100 -0.157960 0.987028 -0.028723 21.896400 -0.008137 0.027786 0.999581 -6.262900 0.000000 0.000000 0.000000 1.000000
0.990050 0.138322 -0.025841 8.038100 -0.139133 0.989730 -0.032802 21.896400 0.021038 0.036071 0.999128 -6.262900 0.000000 0.000000 0.000000 1.000000
0.992423 0.113808 -0.046317 8.038100 -0.115594 0.992573 -0.037907 21.896400 0.041658 0.042974 0.998207 -6.262900 0.000000 0.000000 0.000000 1.000000
0.994459 0.086904 -0.059146 8.038100 -0.089559 0.995017 -0.043811 21.896400 0.055044 0.048866 0.997287 -6.262900 0.000000 0.000000 0.000000 1.000000
0.995930 0.061392 -0.065985 8.038100 -0.064754 0.996644 -0.050085 21.896400 0.062689 0.054154 0.996563 -6.262900 0.000000 0.000000 0.000000 1.000000
0.996939 0.041800 -0.066068 8.038100 -0.045501 0.997419 -0.055544 21.896400 0.063576 0.058380 0.996268 -6.262900 0.000000 0.000000 0.000000 1.000000
0.997915 0.032200 -0.055929 8.038100 -0.035458 0.997670 -0.058287 21.896400 0.053922 0.060149 0.996732 -6.262900 0.000000 0.000000 0.000000 1.000000
0.998863 0.033211 -0.034199 8.038100 -0.035131 0.997747 -0.057163 21.896400 0.032223 0.058299 0.997779 -6.262900 0.000000 0.000000 0.000000 1.000000
0.999047 0.043475 -0.003824 8.038100 -0.043617 0.997643 -0.052979 21.896400 0.001511 0.053095 0.998588 -6.262900 0.000000 0.000000 0.000000 1.000000
0.997838 0.059051 0.028840 8.038100 -0.057623 0.997182 -0.048044 21.896400 -0.031596 0.046278 0.998429 -6.262900 0.000000 0.000000 0.000000 1.000000
0.995612 0.074533 0.056577 8.038100 -0.072088 0.996424 -0.044084 21.896400 -0.059661 0.039812 0.997425 -6.262900 0.000000 0.000000 0.000000 1.000000
0.993887 0.081990 0.073934 8.038100 -0.079153 0.996038 -0.040522 21.896400 -0.076964 0.034422 0.996440 -6.262900 0.000000 0.000000 0.000000 1.000000
0.993347 0.080390 0.082453 8.038100 -0.077703 0.996351 -0.035303 21.896400 -0.084990 0.028661 0.995969 -6.262900 0.000000 0.000000 0.000000 1.000000
0.993269 0.075840 0.087550 8.038100 -0.073723 0.996908 -0.027173 21.896400 -0.089340 0.020536 0.995789 -6.262900 0.000000 0.000000 0.000000 1.000000
0.992420 0.075612 0.096874 8.038100 -0.074375 0.997097 -0.016329 21.896400 -0.097828 0.009000 0.995163 -6.262900 0.000000 0.000000 0.000000 1.000000
0.989066 0.088181 0.118203 8.038100 -0.088339 0.996083 -0.003916 21.896400 -0.118085 -0.006569 0.992982 -6.262900 0.000000 0.000000 0.000000 1.000000
0.984149 0.107023 0.141409 8.038100 -0.108811 0.994050 0.004950 21.896400 -0.140038 -0.020259 0.989939 -6.262900 0.000000 0.000000 0.000000 1.000000
0.978636 0.129890 0.159376 8.038100 -0.132686 0.991134 0.006977 21.896400 -0.157057 -0.027975 0.987193 -6.262900 0.000000 0.000000 0.000000 1.000000
0.974070 0.153493 0.166215 8.038100 -0.155949 0.987764 0.001749 21.896400 -0.163913 -0.027625 0.986088 -6.262900 0.000000 0.000000 0.000000 1.000000
0.971653 0.173745 0.160321 8.038100 -0.174768 0.984579 -0.007812 21.896400 -0.159206 -0.020429 0.987034 -6.262900 0.000000 0.000000 0.000000 1.000000
0.972006 0.186400 0.143035 8.038100 -0.185829 0.982427 -0.017458 21.896400 -0.143776 -0.009611 0.989564 -6.262900 0.000000 0.000000 0.000000 1.000000
0.974953 0.189522 0.116396 8.038100 -0.188006 0.981875 -0.023969 21.896400 -0.118829 0.001486 0.992914 -6.262900 0.000000 0.000000 0.000000 1.000000
0.979414 0.184357 0.082218 8.038100 -0.182749 0.982796 -0.026741 21.896400 -0.085733 0.011166 0.996256 -6.262900 0.000000 0.000000 0.000000 1.000000
0.983906 0.173325 0.043437 8.038100 -0.172243 0.984669 -0.027560 21.896400 -0.047548 0.019634 0.998676 -6.262900 0.000000 0.000000 0.000000 1.000000
0.987411 0.158132 0.003645 8.038100 -0.157965 0.987027 -0.028722 21.896400 -0.008139 0.027785 0.999581 -6.262900 0.000000 0.000000 0.000000 1.000000</float_array><technique_common><accessor source="#LeftShoulder-Matrix-animation-output-transform-array" count="25" stride="16"><param type="float4x4"/></accessor></technique_common></source><source id="LeftShoulder-Interpolations"><Name_array id="LeftShoulder-Interpolations-array" count="25">
 LINEAR LINEAR LINEAR LINEAR LINEAR LINEAR LINEAR LINEAR LINEAR LINEAR LINEAR
LINEAR LINEAR LINEAR LINEAR LINEAR LINEAR LINEAR LINEAR LINEAR LINEAR LINEAR LINEAR
LINEAR LINEAR</Name_array><technique_common><accessor source="#LeftShoulder-Interpolations-array" count="25"><param type="name"/></accessor></technique_common></source><sampler id="LeftShoulder-Matrix-animation-transform"><input semantic="INPUT" source="#LeftShoulder-Matrix-animation-input"/><input semantic="OUTPUT" source="#LeftShoulder-Matrix-animation-output-transform"/><input semantic="INTERPOLATION" source="#LeftShoulder-Interpolations"/></sampler><channel source="#LeftShoulder-Matrix-animation-transform" target="LeftShoulder/matrix"/></animation>
    <animation id="LeftArm-anim" name="LeftArm"><source id="LeftArm-Matrix-animation-input"><float_array id="LeftArm-Matrix-animation-input-array" count="25">

0.000000 0.033333 0.066667 0.100000 0.133333 0.166667 0.200000 0.233333 0.266667 0.300000 0.333333 0.366667 0.400000 0.433333 0.466667 0.500000
0.533333 0.566667 0.600000 0.633333 0.666667 0.700000 0.733333 0.766667 0.800000</float_array><technique_common><accessor source="#LeftArm-Matrix-animation-input-array" count="25"><param name="TIME" type="float"/></accessor></technique_common></source><source id="LeftArm-Matrix-animation-output-transform"><float_array id="LeftArm-Matrix-animation-output-transform-array" count="400">

0.747255 0.488776 -0.450231 10.735700 -0.417568 0.872408 0.254052 -5.489300 0.516959 -0.001840 0.856008 -0.138600 0.000000 0.000000 0.000000 1.000000
0.775504 0.529141 -0.344387 10.735700 -0.502076 0.847603 0.171725 -5.489300 0.382770 0.039734 0.922989 -0.138600 0.000000 0.000000 0.000000 1.000000
0.787500 0.563801 -0.248942 10.735700 -0.559982 0.823261 0.093071 -5.489300 0.257418 0.066110 0.964036 -0.138600 0.000000 0.000000 0.000000 1.000000
0.787929 0.591101 -0.172532 10.735700 -0.595702 0.802665 0.029476 -5.489300 0.155908 0.079553 0.984563 -0.138600 0.000000 0.000000 0.000000 1.000000
0.785712 0.605690 -0.125686 10.735700 -0.611663 0.791032 -0.011702 -5.489300 0.092334 0.086072 0.992001 -0.138600 0.000000 0.000000 0.000000 1.000000
0.790371 0.600782 -0.119891 10.735700 -0.607397 0.793990 -0.025475 -5.489300 0.079887 0.092956 0.992460 -0.138600 0.000000 0.000000 0.000000 1.000000
0.802884 0.573041 -0.164324 10.735700 -0.581404 0.813608 -0.003462 -5.489300 0.131711 0.098318 0.986400 -0.138600 0.000000 0.000000 0.000000 1.000000
0.807859 0.532273 -0.253081 10.735700 -0.536452 0.841916 0.058289 -5.489300 0.244099 0.088677 0.965687 -0.138600 0.000000 0.000000 0.000000 1.000000
