<?xml version="1.0" encoding="utf-8"?>
<COLLADA xmlns="http://www.collada.org/2005/11/COLLADASchema" version="1.4.1">
  <asset><contributor><author>Mixamo</author><authoring_tool>COLLADA Mixamo exporter</authoring_tool><comments></comments></contributor><created>2019-05-10T15:08:42Z</created><modified>2019-05-10T15:08:42Z</modified><revision></revision><title></title><unit meter="0.010000"/><up_axis>Y_UP</up_axis></asset>
  <library_animations>
    <animation id="Hips-anim" name="Hips"><source id="Hips-Matrix-animation-input"><float_array id="Hips-Matrix-animation-input-array" count="29">

0.000000 0.033333 0.066667 0.100000 0.133333 0.166667 0.200000 0.233333 0.266667 0.300000 0.333333 0.366667 0.400000 0.433333 0.466667 0.500000
0.533333 0.566667 0.600000 0.633333 0.666667 0.700000 0.733333 0.766667 0.800000 0.833333 0.866667 0.900000 0.933333</float_array><technique_common><accessor source="#Hips-Matrix-animation-input-array" count="29"><param name="TIME" type="float"/></accessor></technique_common></source><source id="Hips-Matrix-animation-output-transform"><float_array id="Hips-Matrix-animation-output-transform-array" count="464">

0.159591 0.006926 -0.987159 -0.473623 -0.071774 0.997410 -0.004605 111.127609 0.984571 0.071587 0.159675 0.589507 0.000000 0.000000 0.000000 1.000000
0.153649 0.005276 -0.988111 0.164516 -0.059853 0.998199 -0.003977 111.983337 0.986311 0.059752 0.153688 0.767462 0.000000 0.000000 0.000000 1.000000
0.138507 0.000999 -0.990361 0.564206 -0.047226 0.998869 -0.005597 112.182915 0.989235 0.047546 0.138398 1.099206 0.000000 0.000000 0.000000 1.000000
0.111551 -0.006003 -0.993741 0.671408 -0.038323 0.999212 -0.010338 111.617638 0.993020 0.039236 0.111233 1.505208 0.000000 0.000000 0.000000 1.000000
0.077643 -0.015023 -0.996868 0.508798 -0.034670 0.999241 -0.017760 110.334724 0.996378 0.035940 0.077063 1.932157 0.000000 0.000000 0.000000 1.000000
0.045474 -0.023836 -0.998681 0.163365 -0.034600 0.999078 -0.025420 108.647644 0.998366 0.035710 0.044608 2.345954 0.000000 0.000000 0.000000 1.000000
0.022083 -0.029150 -0.999331 -0.252503 -0.032319 0.999032 -0.029856 106.981049 0.999234 0.032957 0.021119 2.740198 0.000000 0.000000 0.000000 1.000000
0.010382 -0.028357 -0.999544 -0.660782 -0.021059 0.999370 -0.028571 105.695564 0.999724 0.021346 0.009779 3.153620 0.000000 0.000000 0.000000 1.000000
0.009940 -0.021730 -0.999714 -0.940670 0.003101 0.999760 -0.021700 104.952843 0.999946 -0.002885 0.010005 3.645804 0.000000 0.000000 0.000000 1.000000
0.018343 -0.012954 -0.999748 -1.057558 0.035591 0.999291 -0.012295 104.892570 0.999198 -0.035357 0.018791 4.218440 0.000000 0.000000 0.000000 1.000000
0.030741 -0.007006 -0.999503 -1.019289 0.066507 0.997774 -0.004948 105.521675 0.997312 -0.066322 0.031139 4.799749 0.000000 0.000000 0.000000 1.000000
0.040331 -0.007002 -0.999162 -0.759256 0.087759 0.996136 -0.003438 106.697845 0.995325 -0.087546 0.040789 5.257056 0.000000 0.000000 0.000000 1.000000
0.041625 -0.012959 -0.999049 -0.185369 0.098044 0.995143 -0.008823 108.244293 0.994311 -0.097583 0.042693 5.498240 0.000000 0.000000 0.000000 1.000000
0.033152 -0.023069 -0.999184 0.644319 0.100793 0.994714 -0.019622 110.014320 0.994355 -0.100060 0.035302 5.520023 0.000000 0.000000 0.000000 1.000000
0.033329 -0.026725 -0.999087 1.181438 0.089077 0.995744 -0.023664 111.598274 0.995467 -0.088207 0.035567 5.221662 0.000000 0.000000 0.000000 1.000000
0.045628 -0.028662 -0.998547 1.566055 0.076208 0.996775 -0.025129 112.501495 0.996047 -0.074951 0.047665 4.797780 0.000000 0.000000 0.000000 1.000000
0.067350 -0.033465 -0.997168 1.851215 0.064417 0.997498 -0.029125 112.665901 0.995648 -0.062273 0.069337 4.312579 0.000000 0.000000 0.000000 1.000000
0.096950 -0.042736 -0.994371 1.939645 0.054105 0.997827 -0.037609 112.114845 0.993818 -0.050154 0.099052 3.807806 0.000000 0.000000 0.000000 1.000000
0.128768 -0.055265 -0.990134 1.868202 0.045125 0.997738 -0.049821 110.990433 0.990648 -0.038264 0.130971 3.313207 0.000000 0.000000 0.000000 1.000000
0.156297 -0.066820 -0.985447 1.729648 0.037774 0.997383 -0.061638 109.508232 0.986987 -0.027590 0.158412 2.841208 0.000000 0.000000 0.000000 1.000000
0.176081 -0.072404 -0.981709 1.557388 0.031360 0.997198 -0.067922 107.940063 0.983876 -0.018826 0.177858 2.399729 0.000000 0.000000 0.000000 1.000000
0.188332 -0.069170 -0.979666 1.237515 0.023736 0.997546 -0.065869 106.600273 0.981818 -0.010849 0.189512 1.970703 0.000000 0.000000 0.000000 1.000000
0.194542 -0.057384 -0.979214 0.681846 0.010414 0.998352 -0.056437 105.702492 0.980839 0.000782 0.194819 1.493436 0.000000 0.000000 0.000000 1.000000
0.194261 -0.040140 -0.980128 -0.075317 -0.011164 0.999007 -0.043126 105.400826 0.980886 0.019320 0.193620 0.905744 0.000000 0.000000 0.000000 1.000000
0.185547 -0.022266 -0.982383 -0.908974 -0.037478 0.998855 -0.029718 105.811584 0.981920 0.042332 0.184500 0.177580 0.000000 0.000000 0.000000 1.000000
0.169410 -0.008244 -0.985511 -1.549075 -0.060597 0.997986 -0.018765 106.860802 0.983681 0.062898 0.168569 -0.636725 0.000000 0.000000 0.000000 1.000000
0.152400 0.000262 -0.988319 -1.651855 -0.074831 0.997132 -0.011275 108.269516 0.985482 0.075675 0.151982 -1.382614 0.000000 0.000000 0.000000 1.000000
0.140890 0.004152 -0.990017 -1.201750 -0.077709 0.996952 -0.006877 109.793327 0.986971 0.077902 0.140783 -1.901789 0.000000 0.000000 0.000000 1.000000
0.135692 0.005190 -0.990737 -0.487769 -0.071774 0.997410 -0.004605 111.127594 0.988148 0.071734 0.135714 -2.131464 0.000000 0.000000 0.000000 1.000000</float_array><technique_common><accessor source="#Hips-Matrix-animation-output-transform-array" count="29" stride="16"><param type="float4x4"/></accessor></technique_common></source><source id="Hips-Interpolations"><Name_array id="Hips-Interpolations-array" count="29">
 LINEAR LINEAR LINEAR LINEAR LINEAR LINEAR LINEAR LINEAR LINEAR LINEAR LINEAR
LINEAR LINEAR LINEAR LINEAR LINEAR LINEAR LINEAR LINEAR LINEAR LINEAR LINEAR LINEAR
LINEAR LINEAR LINEAR LINEAR LINEAR LINEAR</Name_array><technique_common><accessor source="#Hips-Interpolations-array" count="29"><param type="name"/></accessor></technique_common></source><sampler id="Hips-Matrix-animation-transform"><input semantic="INPUT" source="#Hips-Matrix-animation-input"/><input semantic="OUTPUT" source="#Hips-Matrix-animation-output-transform"/><input semantic="INTERPOLATION" source="#Hips-Interpolations"/></sampler><channel source="#Hips-Matrix-animation-transform" target="Hips/matrix"/></animation>
    <animation id="Spine-anim" name="Spine"><source id="Spine-Matrix-animation-input"><float_array id="Spine-Matrix-animation-input-array" count="29">

0.000000 0.033333 0.066667 0.100000 0.133333 0.166667 0.200000 0.233333 0.266667 0.300000 0.333333 0.366667 0.400000 0.433333 0.466667 0.500000
0.533333 0.566667 0.600000 0.633333 0.666667 0.700000 0.733333 0.766667 0.800000 0.833333 0.866667 0.900000 0.933333</float_array><technique_common><accessor source="#Spine-Matrix-animation-input-array" count="29"><param name="TIME" type="float"/></accessor></technique_common></source><source id="Spine-Matrix-animation-output-transform"><float_array id="Spine-Matrix-animation-output-transform-array" count="464">

0.994136 -0.022302 0.105816 -0.005700 0.028920 0.997693 -0.061425 10.895800 -0.104202 0.064125 0.992487 -1.278700 0.000000 0.000000 0.000000 1.000000
0.992726 -0.011373 0.119858 -0.005700 0.019031 0.997835 -0.062947 10.895800 -0.118882 0.064770 0.990794 -1.278700 0.000000 0.000000 0.000000 1.000000
0.990283 -0.003950 0.139010 -0.005700 0.012881 0.997905 -0.063403 10.895800 -0.138469 0.064578 0.988259 -1.278700 0.000000 0.000000 0.000000 1.000000
0.986878 -0.003011 0.161440 -0.005700 0.013305 0.997942 -0.062721 10.895800 -0.160919 0.064046 0.984887 -1.278700 0.000000 0.000000 0.000000 1.000000
0.982874 -0.007546 0.184126 -0.005700 0.018983 0.997992 -0.060433 10.895800 -0.183301 0.062894 0.981043 -1.278700 0.000000 0.000000 0.000000 1.000000
0.978828 -0.013300 0.204252 -0.005700 0.025436 0.998055 -0.056906 10.895800 -0.203098 0.060897 0.977263 -1.278700 0.000000 0.000000 0.000000 1.000000
0.975498 -0.013544 0.219589 -0.005700 0.025997 0.998207 -0.053917 10.895800 -0.218465 0.058305 0.974101 -1.278700 0.000000 0.000000 0.000000 1.000000
0.973450 -0.002910 0.228883 -0.005700 0.015634 0.998430 -0.053795 10.895800 -0.228367 0.055945 0.971966 -1.278700 0.000000 0.000000 0.000000 1.000000
0.972403 0.019965 0.232452 -0.005700 -0.006547 0.998275 -0.058350 10.895800 -0.233216 0.055218 0.970856 -1.278700 0.000000 0.000000 0.000000 1.000000
0.971543 0.048783 0.231785 -0.005700 -0.034058 0.997164 -0.067115 10.895800 -0.234401 0.057311 0.970449 -1.278700 0.000000 0.000000 0.000000 1.000000
0.970800 0.073793 0.228259 -0.005700 -0.057497 0.995353 -0.077246 10.895800 -0.232898 0.061866 0.970531 -1.278700 0.000000 0.000000 0.000000 1.000000
0.970992 0.088327 0.222201 -0.005700 -0.070971 0.993856 -0.084935 10.895800 -0.228338 0.066701 0.971294 -1.278700 0.000000 0.000000 0.000000 1.000000
0.972590 0.092377 0.213388 -0.005700 -0.075105 0.993312 -0.087693 10.895800 -0.220062 0.069263 0.973024 -1.278700 0.000000 0.000000 0.000000 1.000000
0.975313 0.089839 0.201727 -0.005700 -0.073907 0.993621 -0.085180 10.895800 -0.208093 0.068168 0.975731 -1.278700 0.000000 0.000000 0.000000 1.000000
0.980400 0.075132 0.182128 -0.005700 -0.061739 0.995030 -0.078130 10.895800 -0.187093 0.065354 0.980166 -1.278700 0.000000 0.000000 0.000000 1.000000
0.985581 0.062055 0.157416 -0.005700 -0.050996 0.996002 -0.073346 10.895800 -0.161339 0.064260 0.984805 -1.278700 0.000000 0.000000 0.000000 1.000000
0.990115 0.052855 0.129914 -0.005700 -0.044090 0.996611 -0.069445 10.895800 -0.133145 0.063031 0.989090 -1.278700 0.000000 0.000000 0.000000 1.000000
0.993694 0.047677 0.101489 -0.005700 -0.041263 0.997072 -0.064383 10.895800 -0.104261 0.059790 0.992751 -1.278700 0.000000 0.000000 0.000000 1.000000
0.996150 0.044857 0.075316 -0.005700 -0.040581 0.997527 -0.057378 10.895800 -0.077704 0.054101 0.995508 -1.278700 0.000000 0.000000 0.000000 1.000000
0.997615 0.042548 0.054346 -0.005700 -0.039836 0.997953 -0.050037 10.895800 -0.056364 0.047752 0.997268 -1.278700 0.000000 0.000000 0.000000 1.000000
0.998453 0.038422 0.040194 -0.005700 -0.036631 0.998342 -0.044391 10.895800 -0.041833 0.042849 0.998205 -1.278700 0.000000 0.000000 0.000000 1.000000
0.998975 0.030507 0.033454 -0.005700 -0.029135 0.998744 -0.040772 10.895800 -0.034656 0.039756 0.998608 -1.278700 0.000000 0.000000 0.000000 1.000000
0.999274 0.016678 0.034267 -0.005700 -0.015362 0.999148 -0.038297 10.895800 -0.034876 0.037743 0.998679 -1.278700 0.000000 0.000000 0.000000 1.000000
0.999103 -0.002405 0.042282 -0.005700 0.003975 0.999304 -0.037101 10.895800 -0.042163 0.037236 0.998417 -1.278700 0.000000 0.000000 0.000000 1.000000
0.998205 -0.021533 0.055883 -0.005700 0.023720 0.998967 -0.038769 10.895800 -0.054991 0.040025 0.997684 -1.278700 0.000000 0.000000 0.000000 1.000000
0.996858 -0.033983 0.071552 -0.005700 0.037204 0.998331 -0.044169 10.895800 -0.069932 0.046692 0.996458 -1.278700 0.000000 0.000000 0.000000 1.000000
0.995682 -0.037283 0.085010 -0.005700 0.041762 0.997798 -0.051534 10.895800 -0.082901 0.054862 0.995047 -1.278700 0.000000 0.000000 0.000000 1.000000
0.994911 -0.031997 0.095545 -0.005700 0.037639 0.997616 -0.057846 10.895800 -0.093466 0.061148 0.993743 -1.278700 0.000000 0.000000 0.000000 1.000000
0.994136 -0.022302 0.105816 -0.005700 0.028920 0.997693 -0.061425 10.895800 -0.104202 0.064125 0.992487 -1.278700 0.000000 0.000000 0.000000 1.000000</float_array><technique_common><accessor source="#Spine-Matrix-animation-output-transform-array" count="29" stride="16"><param type="float4x4"/></accessor></technique_common></source><source id="Spine-Interpolations"><Name_array id="Spine-Interpolations-array" count="29">
 LINEAR LINEAR LINEAR LINEAR LINEAR LINEAR LINEAR LINEAR LINEAR LINEAR LINEAR
LINEAR LINEAR LINEAR LINEAR LINEAR LINEAR LINEAR LINEAR LINEAR LINEAR LINEAR LINEAR
LINEAR LINEAR LINEAR LINEAR LINEAR LINEAR</Name_array><technique_common><accessor source="#Spine-Interpolations-array" count="29"><param type="name"/></accessor></technique_common></source><sampler id="Spine-Matrix-animation-transform"><input semantic="INPUT" source="#Spine-Matrix-animation-input"/><input semantic="OUTPUT" source="#Spine-Matrix-animation-output-transform"/><input semantic="INTERPOLATION" source="#Spine-Interpolations"/></sampler><channel source="#Spine-Matrix-animation-transform" target="Spine/matrix"/></animation>
    <animation id="Spine1-anim" name="Spine1"><source id="Spine1-Matrix-animation-input"><float_array id="Spine1-Matrix-animation-input-array" count="29">

0.000000 0.033333 0.066667 0.100000 0.133333 0.166667 0.200000 0.233333 0.266667 0.300000 0.333333 0.366667 0.400000 0.433333 0.466667 0.500000
0.533333 0.566667 0.600000 0.633333 0.666667 0.700000 0.733333 0.766667 0.800000 0.833333 0.866667 0.900000 0.933333</float_array><technique_common><accessor source="#Spine1-Matrix-animation-input-array" count="29"><param name="TIME" type="float"/></accessor></technique_common></source><source id="Spine1-Matrix-animation-output-transform"><float_array id="Spine1-Matrix-animation-output-transform-array" count="464">

0.965832 0.027947 0.257659 -0.006600 -0.021548 0.999386 -0.027626 12.711700 -0.258273 0.021130 0.965841 -1.491800 0.000000 0.000000 0.000000 1.000000
0.964464 0.030955 0.262394 -0.006600 -0.023958 0.999268 -0.029824 12.711700 -0.263125 0.022478 0.964500 -1.491800 0.000000 0.000000 0.000000 1.000000
0.962615 0.033080 0.268846 -0.006600 -0.025655 0.999187 -0.031086 12.711700 -0.269655 0.023027 0.962682 -1.491800 0.000000 0.000000 0.000000 1.000000
0.960534 0.034042 0.276071 -0.006600 -0.026626 0.999178 -0.030568 12.711700 -0.276884 0.022011 0.960651 -1.491800 0.000000 0.000000 0.000000 1.000000
0.958552 0.033925 0.282891 -0.006600 -0.027097 0.999240 -0.028015 12.711700 -0.283626 0.019188 0.958743 -1.491800 0.000000 0.000000 0.000000 1.000000
0.956869 0.033121 0.288624 -0.006600 -0.027238 0.999332 -0.024379 12.711700 -0.289239 0.015466 0.957132 -1.491800 0.000000 0.000000 0.000000 1.000000
0.955551 0.032452 0.293033 -0.006600 -0.027334 0.999394 -0.021543 12.711700 -0.293555 0.012576 0.955859 -1.491800 0.000000 0.000000 0.000000 1.000000
0.954628 0.032967 0.295972 -0.006600 -0.027948 0.999385 -0.021172 12.711700 -0.296488 0.011939 0.954962 -1.491800 0.000000 0.000000 0.000000 1.000000
0.954121 0.035298 0.297333 -0.006600 -0.029604 0.999282 -0.023632 12.711700 -0.297954 0.013746 0.954481 -1.491800 0.000000 0.000000 0.000000 1.000000
0.954001 0.039079 0.297247 -0.006600 -0.032251 0.999092 -0.027841 12.711700 -0.298065 0.016974 0.954395 -1.491800 0.000000 0.000000 0.000000 1.000000
0.954195 0.043035 0.296076 -0.006600 -0.035122 0.998871 -0.031996 12.711700 -0.297118 0.020132 0.954628 -1.491800 0.000000 0.000000 0.000000 1.000000
0.954658 0.045752 0.294169 -0.006600 -0.037218 0.998710 -0.034548 12.711700 -0.295370 0.022033 0.955129 -1.491800 0.000000 0.000000 0.000000 1.000000
0.955380 0.046529 0.291691 -0.006600 -0.037993 0.998670 -0.034863 12.711700 -0.292925 0.022226 0.955877 -1.491800 0.000000 0.000000 0.000000 1.000000
0.956341 0.045529 0.288684 -0.006600 -0.037530 0.998744 -0.033188 12.711700 -0.289832 0.020905 0.956849 -1.491800 0.000000 0.000000 0.000000 1.000000
0.958271 0.042563 0.282676 -0.006600 -0.035059 0.998887 -0.031553 12.711700 -0.283704 0.020326 0.958696 -1.491800 0.000000 0.000000 0.000000 1.000000
0.960624 0.040270 0.274919 -0.006600 -0.032962 0.998971 -0.031152 12.711700 -0.275891 0.020864 0.960963 -1.491800 0.000000 0.000000 0.000000 1.000000
0.963052 0.038929 0.266488 -0.006600 -0.031895 0.999020 -0.030676 12.711700 -0.267421 0.021043 0.963350 -1.491800 0.000000 0.000000 0.000000 1.000000
0.965365 0.038235 0.258088 -0.006600 -0.031848 0.999075 -0.028884 12.711700 -0.258954 0.019664 0.965690 -1.491800 0.000000 0.000000 0.000000 1.000000
0.967339 0.037821 0.250647 -0.006600 -0.032481 0.999149 -0.025409 12.711700 -0.251395 0.016438 0.967745 -1.491800 0.000000 0.000000 0.000000 1.000000
0.968853 0.037537 0.244777 -0.006600 -0.033296 0.999216 -0.021441 12.711700 -0.245390 0.012623 0.969342 -1.491800 0.000000 0.000000 0.000000 1.000000
0.969905 0.037245 0.240618 -0.006600 -0.033711 0.999255 -0.018786 12.711700 -0.241138 0.010109 0.970438 -1.491800 0.000000 0.000000 0.000000 1.000000
0.970536 0.036467 0.238181 -0.006600 -0.033070 0.999286 -0.018247 12.711700 -0.238676 0.009833 0.971049 -1.491800 0.000000 0.000000 0.000000 1.000000
0.970725 0.034516 0.237700 -0.006600 -0.030854 0.999341 -0.019112 12.711700 -0.238203 0.011218 0.971151 -1.491800 0.000000 0.000000 0.000000 1.000000
0.970407 0.031162 0.239457 -0.006600 -0.027118 0.999429 -0.020165 12.711700 -0.239948 0.013075 0.970698 -1.491800 0.000000 0.000000 0.000000 1.000000
0.969612 0.027190 0.243134 -0.006600 -0.022782 0.999521 -0.020925 12.711700 -0.243586 0.014750 0.969767 -1.491800 0.000000 0.000000 0.000000 1.000000
0.968573 0.024152 0.247552 -0.006600 -0.019360 0.999575 -0.021773 12.711700 -0.247973 0.016297 0.968630 -1.491800 0.000000 0.000000 0.000000 1.000000
0.967600 0.023355 0.251406 -0.006600 -0.018100 0.999567 -0.023197 12.711700 -0.251839 0.017895 0.967604 -1.491800 0.000000 0.000000 0.000000 1.000000
0.966770 0.024958 0.254428 -0.006600 -0.019157 0.999498 -0.025249 12.711700 -0.254930 0.019536 0.966762 -1.491800 0.000000 0.000000 0.000000 1.000000
0.965832 0.027947 0.257658 -0.006600 -0.021548 0.999386 -0.027626 12.711700 -0.258272 0.021130 0.965841 -1.491800 0.000000 0.000000 0.000000 1.000000</float_array><technique_common><accessor source="#Spine1-Matrix-animation-output-transform-array" count="29" stride="16"><param type="float4x4"/></accessor></technique_common></source><source id="Spine1-Interpolations"><Name_array id="Spine1-Interpolations-array" count="29">
 LINEAR LINEAR LINEAR LINEAR LINEAR LINEAR LINEAR LINEAR LINEAR LINEAR LINEAR
LINEAR LINEAR LINEAR LINEAR LINEAR LINEAR LINEAR LINEAR LINEAR LINEAR LINEAR LINEAR
LINEAR LINEAR LINEAR LINEAR LINEAR LINEAR</Name_array><technique_common><accessor source="#Spine1-Interpolations-array" count="29"><param type="name"/></accessor></technique_common></source><sampler id="Spine1-Matrix-animation-transform"><input semantic="INPUT" source="#Spine1-Matrix-animation-input"/><input semantic="OUTPUT" source="#Spine1-Matrix-animation-output-transform"/><input semantic="INTERPOLATION" source="#Spine1-Interpolations"/></sampler><channel source="#Spine1-Matrix-animation-transform" target="Spine1/matrix"/></animation>
    <animation id="Spine2-anim" name="Spine2"><source id="Spine2-Matrix-animation-input"><float_array id="Spine2-Matrix-animation-input-array" count="29">

0.000000 0.033333 0.066667 0.100000 0.133333 0.166667 0.200000 0.233333 0.266667 0.300000 0.333333 0.366667 0.400000 0.433333 0.466667 0.500000
0.533333 0.566667 0.600000 0.633333 0.666667 0.700000 0.733333 0.766667 0.800000 0.833333 0.866667 0.900000 0.933333</float_array><technique_common><accessor source="#Spine2-Matrix-animation-input-array" count="29"><param name="TIME" type="float"/></accessor></technique_common></source><source id="Spine2-Matrix-animation-output-transform"><float_array id="Spine2-Matrix-animation-output-transform-array" count="464">

0.965903 0.032981 0.256797 -0.007600 -0.027524 0.999313 -0.024818 14.527700 -0.257439 0.016904 0.966147 -1.704900 0.000000 0.000000 0.000000 1.000000
0.964518 0.035950 0.261559 -0.007600 -0.029901 0.999186 -0.027071 14.527700 -0.262320 0.018290 0.964808 -1.704900 0.000000 0.000000 0.000000 1.000000
0.962651 0.038026 0.268063 -0.007600 -0.031562 0.999099 -0.028384 14.527700 -0.268901 0.018863 0.962983 -1.704900 0.000000 0.000000 0.000000 1.000000
0.960555 0.038978 0.275346 -0.007600 -0.032543 0.999081 -0.027903 14.527700 -0.276180 0.017842 0.960940 -1.704900 0.000000 0.000000 0.000000 1.000000
0.958563 0.038933 0.282209 -0.007600 -0.033109 0.999129 -0.025380 14.527700 -0.282951 0.014985 0.959017 -1.704900 0.000000 0.000000 0.000000 1.000000
0.956876 0.038261 0.287964 -0.007600 -0.033401 0.999205 -0.021774 14.527700 -0.288569 0.011217 0.957394 -1.704900 0.000000 0.000000 0.000000 1.000000
0.955558 0.037695 0.292383 -0.007600 -0.033615 0.999255 -0.018967 14.527700 -0.292880 0.008296 0.956113 -1.704900 0.000000 0.000000 0.000000 1.000000
0.954631 0.038203 0.295330 -0.007600 -0.034231 0.999241 -0.018607 14.527700 -0.295817 0.007653 0.955214 -1.704900 0.000000 0.000000 0.000000 1.000000
0.954110 0.040417 0.296715 -0.007600 -0.035780 0.999138 -0.021042 14.527700 -0.297310 0.009460 0.954734 -1.704900 0.000000 0.000000 0.000000 1.000000
0.953964 0.044051 0.296668 -0.007600 -0.038295 0.998949 -0.025189 14.527700 -0.297466 0.012669 0.954648 -1.704900 0.000000 0.000000 0.000000 1.000000
0.954127 0.047917 0.295543 -0.007600 -0.041092 0.998727 -0.029267 14.527700 -0.296569 0.015780 0.954881 -1.704900 0.000000 0.000000 0.000000 1.000000
0.954565 0.050631 0.293671 -0.007600 -0.043196 0.998562 -0.031754 14.527700 -0.294857 0.017626 0.955379 -1.704900 0.000000 0.000000 0.000000 1.000000
0.955275 0.051462 0.291205 -0.007600 -0.044026 0.998517 -0.032037 14.527700 -0.292422 0.017784 0.956124 -1.704900 0.000000 0.000000 0.000000 1.000000
0.956241 0.050529 0.288186 -0.007600 -0.043617 0.998587 -0.030359 14.527700 -0.289312 0.016460 0.957093 -1.704900 0.000000 0.000000 0.000000 1.000000
0.958193 0.047574 0.282139 -0.007600 -0.041118 0.998740 -0.028761 14.527700 -0.283151 0.015957 0.958942 -1.704900 0.000000 0.000000 0.000000 1.000000
0.960571 0.045296 0.274321 -0.007600 -0.038994 0.998836 -0.028388 14.527700 -0.275288 0.016572 0.961219 -1.704900 0.000000 0.000000 0.000000 1.000000
0.963018 0.043984 0.265824 -0.007600 -0.037919 0.998891 -0.027908 14.527700 -0.266756 0.016796 0.963618 -1.704900 0.000000 0.000000 0.000000 1.000000
0.965343 0.043313 0.257364 -0.007600 -0.037870 0.998943 -0.026069 14.527700 -0.258221 0.015419 0.965963 -1.704900 0.000000 0.000000 0.000000 1.000000
0.967325 0.042895 0.249886 -0.007600 -0.038484 0.999006 -0.022516 14.527700 -0.250603 0.012163 0.968014 -1.704900 0.000000 0.000000 0.000000 1.000000
0.968839 0.042584 0.244005 -0.007600 -0.039262 0.999058 -0.018466 14.527700 -0.244561 0.008310 0.969598 -1.704900 0.000000 0.000000 0.000000 1.000000
0.969886 0.042275 0.239861 -0.007600 -0.039650 0.999089 -0.015759 14.527700 -0.240309 0.005774 0.970679 -1.704900 0.000000 0.000000 0.000000 1.000000
0.970510 0.041522 0.237458 -0.007600 -0.039023 0.999122 -0.015219 14.527700 -0.237882 0.005504 0.971279 -1.704900 0.000000 0.000000 0.000000 1.000000
0.970697 0.039631 0.237016 -0.007600 -0.036858 0.999190 -0.016121 14.527700 -0.237463 0.006913 0.971372 -1.704900 0.000000 0.000000 0.000000 1.000000
0.970391 0.036329 0.238792 -0.007600 -0.033173 0.999301 -0.017223 14.527700 -0.239251 0.008792 0.970918 -1.704900 0.000000 0.000000 0.000000 1.000000
0.969623 0.032362 0.242453 -0.007600 -0.028851 0.999421 -0.018017 14.527700 -0.242896 0.010475 0.969996 -1.704900 0.000000 0.000000 0.000000 1.000000
0.968619 0.029283 0.246819 -0.007600 -0.025406 0.999499 -0.018881 14.527700 -0.247248 0.012018 0.968878 -1.704900 0.000000 0.000000 0.000000 1.000000
0.967671 0.028440 0.250607 -0.007600 -0.024114 0.999503 -0.020317 14.527700 -0.251060 0.013618 0.967876 -1.704900 0.000000 0.000000 0.000000 1.000000
0.966849 0.030013 0.253579 -0.007600 -0.025151 0.999433 -0.022396 14.527700 -0.254107 0.015275 0.967055 -1.704900 0.000000 0.000000 0.000000 1.000000
0.965903 0.032981 0.256796 -0.007600 -0.027524 0.999313 -0.024818 14.527700 -0.257439 0.016904 0.966147 -1.704900 0.000000 0.000000 0.000000 1.000000</float_array><technique_common><accessor source="#Spine2-Matrix-animation-output-transform-array" count="29" stride="16"><param type="float4x4"/></accessor></technique_common></source><source id="Spine2-Interpolations"><Name_array id="Spine2-Interpolations-array" count="29">
 LINEAR LINEAR LINEAR LINEAR LINEAR LINEAR LINEAR LINEAR LINEAR LINEAR LINEAR
LINEAR LINEAR LINEAR LINEAR LINEAR LINEAR LINEAR LINEAR LINEAR LINEAR LINEAR LINEAR
LINEAR LINEAR LINEAR LINEAR LINEAR LINEAR</Name_array><technique_common><accessor source="#Spine2-Interpolations-array" count="29"><param type="name"/></accessor></technique_common></source><sampler id="Spine2-Matrix-animation-transform"><input semantic="INPUT" source="#Spine2-Matrix-animation-input"/><input semantic="OUTPUT" source="#Spine2-Matrix-animation-output-transform"/><input semantic="INTERPOLATION" source="#Spine2-Interpolations"/></sampler><channel source="#Spine2-Matrix-animation-transform" target="Spine2/matrix"/></animation>
    <animation id="Neck-anim" name="Neck"><source id="Neck-Matrix-animation-input"><float_array id="Neck-Matrix-animation-input-array" count="29">

0.000000 0.033333 0.066667 0.100000 0.133333 0.166667 0.200000 0.233333 0.266667 0.300000 0.333333 0.366667 0.400000 0.433333 0.466667 0.500000
0.533333 0.566667 0.600000 0.633333 0.666667 0.700000 0.733333 0.766667 0.800000 0.833333 0.866667 0.900000 0.933333</float_array><technique_common><accessor source="#Neck-Matrix-animation-input-array" count="29"><param name="TIME" type="float"/></accessor></technique_common></source><source id="Neck-Matrix-animation-output-transform"><float_array id="Neck-Matrix-animation-output-transform-array" count="464">

0.994727 -0.009271 0.102135 -0.008500 0.016250 0.997572 -0.067714 16.343599 -0.101259 0.069017 0.992463 -1.918000 0.000000 0.000000 0.000000 1.000000
0.995259 -0.009297 0.096819 -0.008500 0.016788 0.996902 -0.076840 16.343599 -0.095805 0.078101 0.992331 -1.918000 0.000000 0.000000 0.000000 1.000000
0.995756 -0.006909 0.091778 -0.008500 0.014442 0.996554 -0.081676 16.343599 -0.090898 0.082655 0.992424 -1.918000 0.000000 0.000000 0.000000 1.000000
0.996087 -0.003276 0.088312 -0.008500 0.010427 0.996689 -0.080633 16.343599 -0.087755 0.081239 0.992824 -1.918000 0.000000 0.000000 0.000000 1.000000
0.996241 0.000403 0.086625 -0.008500 0.006132 0.997152 -0.075164 16.343599 -0.086409 0.075413 0.993401 -1.918000 0.000000 0.000000 0.000000 1.000000
0.996304 0.002567 0.085858 -0.008500 0.003279 0.997689 -0.067870 16.343599 -0.085834 0.067901 0.993993 -1.918000 0.000000 0.000000 0.000000 1.000000
0.996377 0.001890 0.085021 -0.008500 0.003302 0.998139 -0.060893 16.343599 -0.084978 0.060953 0.994517 -1.918000 0.000000 0.000000 0.000000 1.000000
0.996484 -0.001358 0.083777 -0.008500 0.006016 0.998448 -0.055375 16.343599 -0.083571 0.055684 0.994945 -1.918000 0.000000 0.000000 0.000000 1.000000
0.996585 -0.004820 0.082433 -0.008500 0.009101 0.998624 -0.051644 16.343599 -0.082071 0.052218 0.995258 -1.918000 0.000000 0.000000 0.000000 1.000000
0.996657 -0.005448 0.081517 -0.008500 0.009521 0.998721 -0.049662 16.343599 -0.081142 0.050272 0.995434 -1.918000 0.000000 0.000000 0.000000 1.000000
0.996668 -0.001780 0.081550 -0.008500 0.005828 0.998761 -0.049426 16.343599 -0.081361 0.049736 0.995443 -1.918000 0.000000 0.000000 0.000000 1.000000
0.996534 0.005099 0.083034 -0.008500 -0.000855 0.998695 -0.051067 16.343599 -0.083186 0.050819 0.995237 -1.918000 0.000000 0.000000 0.000000 1.000000
0.996190 0.012791 0.086268 -0.008500 -0.008094 0.998477 -0.054571 16.343599 -0.086834 0.053665 0.994776 -1.918000 0.000000 0.000000 0.000000 1.000000
0.995645 0.019439 0.091178 -0.008500 -0.014029 0.998124 -0.059600 16.343599 -0.092165 0.058062 0.994050 -1.918000 0.000000 0.000000 0.000000 1.000000
0.995031 0.023738 0.096698 -0.008500 -0.017019 0.997421 -0.069733 16.343599 -0.098103 0.067740 0.992868 -1.918000 0.000000 0.000000 0.000000 1.000000
0.994463 0.025682 0.101899 -0.008500 -0.017780 0.996817 -0.077713 16.343599 -0.103570 0.075471 0.991755 -1.918000 0.000000 0.000000 0.000000 1.000000
0.994027 0.024276 0.106398 -0.008500 -0.015622 0.996557 -0.081421 16.343599 -0.108008 0.079273 0.990984 -1.918000 0.000000 0.000000 0.000000 1.000000
0.993782 0.018737 0.109753 -0.008500 -0.009867 0.996681 -0.080807 16.343599 -0.110902 0.079222 0.990669 -1.918000 0.000000 0.000000 0.000000 1.000000
0.993666 0.010278 0.111901 -0.008500 -0.001635 0.997025 -0.077055 16.343599 -0.112361 0.076384 0.990727 -1.918000 0.000000 0.000000 0.000000 1.000000
0.993574 0.002220 0.113161 -0.008500 0.006007 0.997365 -0.072302 16.343599 -0.113024 0.072517 0.990942 -1.918000 0.000000 0.000000 0.000000 1.000000
0.993490 -0.001562 0.113909 -0.008500 0.009482 0.997570 -0.069019 16.343599 -0.113524 0.069650 0.991091 -1.918000 0.000000 0.000000 0.000000 1.000000
0.993448 0.000759 0.114279 -0.008500 0.007125 0.997621 -0.068561 16.343599 -0.114059 0.068926 0.991080 -1.918000 0.000000 0.000000 0.000000 1.000000
0.993436 0.007251 0.114160 -0.008500 0.000730 0.997567 -0.069714 16.343599 -0.114388 0.069340 0.991013 -1.918000 0.000000 0.000000 0.000000 1.000000
0.993456 0.013162 0.113453 -0.008500 -0.005306 0.997584 -0.069270 16.343599 -0.114091 0.068215 0.991126 -1.918000 0.000000 0.000000 0.000000 1.000000
0.993575 0.014150 0.112286 -0.008500 -0.006853 0.997854 -0.065115 16.343599 -0.112966 0.063927 0.991540 -1.918000 0.000000 0.000000 0.000000 1.000000
0.993791 0.009288 0.110871 -0.008500 -0.002744 0.998252 -0.059031 16.343599 -0.111225 0.058360 0.992080 -1.918000 0.000000 0.000000 0.000000 1.000000
0.994031 0.001342 0.109092 -0.008500 0.004779 0.998429 -0.055823 16.343599 -0.108996 0.056011 0.992463 -1.918000 0.000000 0.000000 0.000000 1.000000
0.994312 -0.005672 0.106354 -0.008500 0.012013 0.998182 -0.059071 16.343599 -0.105825 0.060012 0.992572 -1.918000 0.000000 0.000000 0.000000 1.000000
0.994727 -0.009271 0.102135 -0.008500 0.016250 0.997572 -0.067714 16.343599 -0.101260 0.069016 0.992463 -1.918000 0.000000 0.000000 0.000000 1.000000</float_array><technique_common><accessor source="#Neck-Matrix-animation-output-transform-array" count="29" stride="16"><param type="float4x4"/></accessor></technique_common></source><source id="Neck-Interpolations"><Name_array id="Neck-Interpolations-array" count="29">
 LINEAR LINEAR LINEAR LINEAR LINEAR LINEAR LINEAR LINEAR LINEAR LINEAR LINEAR
LINEAR LINEAR LINEAR LINEAR LINEAR LINEAR LINEAR LINEAR LINEAR LINEAR LINEAR LINEAR
LINEAR LINEAR LINEAR LINEAR LINEAR LINEAR</Name_array><technique_common><accessor source="#Neck-Interpolations-array" count="29"><param type="name"/></accessor></technique_common></source><sampler id="Neck-Matrix-animation-transform"><input semantic="INPUT" source="#Neck-Matrix-animation-input"/><input semantic="OUTPUT" source="#Neck-Matrix-animation-output-transform"/><input semantic="INTERPOLATION" source="#Neck-Interpolations"/></sampler><channel source="#Neck-Matrix-animation-transform" target="Neck/matrix"/></animation>
    <animation id="Head-anim" name="Head"><source id="Head-Matrix-animation-input"><float_array id="Head-Matrix-animation-input-array" count="29">

0.000000 0.033333 0.066667 0.100000 0.133333 0.166667 0.200000 0.233333 0.266667 0.300000 0.333333 0.366667 0.400000 0.433333 0.466667 0.500000
0.533333 0.566667 0.600000 0.633333 0.666667 0.700000 0.733333 0.766667 0.800000 0.833333 0.866667 0.900000 0.933333</float_array><technique_common><accessor source="#Head-Matrix-animation-input-array" count="29"><param name="TIME" type="float"/></accessor></technique_common></source><source id="Head-Matrix-animation-output-transform"><float_array id="Head-Matrix-animation-output-transform-array" count="464">

0.779449 -0.021932 0.626082 0.000000 -0.105239 0.980601 0.165369 7.472600 -0.617563 -0.194785 0.762020 1.897700 0.000000 0.000000 0.000000 1.000000
0.790079 -0.020664 0.612657 0.000000 -0.104119 0.980386 0.167339 7.472600 -0.604098 -0.196000 0.772430 1.897700 0.000000 0.000000 0.000000 1.000000
0.798538 -0.014331 0.601774 -0.000000 -0.109677 0.979518 0.168866 7.472600 -0.591868 -0.200847 0.780611 1.897700 0.000000 0.000000 0.000000 1.000000
0.802061 -0.005298 0.597219 0.000000 -0.120772 0.977863 0.170872 7.472600 -0.584904 -0.209177 0.783666 1.897700 0.000000 0.000000 0.000000 1.000000
0.801457 0.002850 0.598046 0.000000 -0.132326 0.976048 0.172682 7.472600 -0.583229 -0.217535 0.782638 1.897700 0.000000 0.000000 0.000000 1.000000
0.799708 0.007521 0.600342 0.000000 -0.139005 0.975072 0.172951 7.472600 -0.584076 -0.221761 0.780818 1.897700 0.000000 0.000000 0.000000 1.000000
0.799218 0.008120 0.600986 0.000000 -0.138774 0.975384 0.171369 7.472600 -0.584801 -0.220363 0.780672 1.897700 0.000000 0.000000 0.000000 1.000000
0.800541 0.005765 0.599250 0.000000 -0.133733 0.976456 0.169260 7.472600 -0.584165 -0.215639 0.782464 1.897700 0.000000 0.000000 0.000000 1.000000
0.803187 0.002570 0.595721 0.000000 -0.128178 0.977315 0.168600 7.472600 -0.581774 -0.211776 0.785296 1.897700 0.000000 0.000000 0.000000 1.000000
0.806444 0.000811 0.591310 0.000000 -0.125747 0.977361 0.170157 7.472600 -0.577785 -0.211578 0.788289 1.897700 0.000000 0.000000 0.000000 1.000000
0.808952 0.002028 0.587872 -0.000000 -0.127593 0.976762 0.172207 7.472600 -0.573862 -0.214315 0.790412 1.897700 0.000000 0.000000 0.000000 1.000000
0.808401 0.006467 0.588597 0.000000 -0.132457 0.976293 0.171194 7.472600 -0.573536 -0.216357 0.790093 1.897700 0.000000 0.000000 0.000000 1.000000
0.802732 0.013230 0.596194 0.000000 -0.138097 0.976702 0.164264 7.472600 -0.580130 -0.214193 0.785856 1.897700 0.000000 0.000000 0.000000 1.000000
0.791275 0.021021 0.611099 0.000000 -0.142638 0.978182 0.151045 7.472600 -0.594591 -0.206684 0.777009 1.897700 0.000000 0.000000 0.000000 1.000000
0.777623 0.029215 0.628052 0.000000 -0.147899 0.979389 0.137563 7.472600 -0.611088 -0.199860 0.765916 1.897700 0.000000 0.000000 0.000000 1.000000
0.767258 0.029174 0.640674 0.000000 -0.151676 0.978880 0.137070 7.472600 -0.623145 -0.202343 0.755479 1.897700 0.000000 0.000000 0.000000 1.000000
0.761043 0.019995 0.648394 0.000000 -0.151373 0.977405 0.147532 7.472600 -0.630793 -0.210427 0.746873 1.897700 0.000000 0.000000 0.000000 1.000000
0.758990 0.003919 0.651091 0.000000 -0.145470 0.975725 0.163704 7.472600 -0.634644 -0.218964 0.741135 1.897700 0.000000 0.000000 0.000000 1.000000
0.759453 -0.013652 0.650419 -0.000000 -0.135150 0.974657 0.178264 7.472600 -0.636369 -0.223288 0.738361 1.897700 0.000000 0.000000 0.000000 1.000000
0.760724 -0.027427 0.648495 -0.000000 -0.124318 0.974453 0.187046 7.472600 -0.637059 -0.222910 0.737880 1.897700 0.000000 0.000000 0.000000 1.000000
0.762266 -0.034506 0.646343 0.000000 -0.116858 0.974832 0.189860 7.472600 -0.636627 -0.220254 0.739049 1.897700 0.000000 0.000000 0.000000 1.000000
0.764386 -0.034633 0.643828 0.000000 -0.113862 0.975612 0.187664 7.472600 -0.634626 -0.216755 0.741800 1.897700 0.000000 0.000000 0.000000 1.000000
0.767039 -0.029441 0.640925 -0.000000 -0.113691 0.976902 0.180936 7.472600 -0.631447 -0.211652 0.745975 1.897700 0.000000 0.000000 0.000000 1.000000
0.769281 -0.021738 0.638541 0.000000 -0.114342 0.978602 0.171068 7.472600 -0.628596 -0.204611 0.750334 1.897700 0.000000 0.000000 0.000000 1.000000
0.769886 -0.014963 0.638005 0.000000 -0.114955 0.980121 0.161704 7.472600 -0.627742 -0.197835 0.752862 1.897700 0.000000 0.000000 0.000000 1.000000
0.768785 -0.012119 0.639392 0.000000 -0.115067 0.980881 0.156944 7.472600 -0.629070 -0.194229 0.752692 1.897700 0.000000 0.000000 0.000000 1.000000
0.768146 -0.014062 0.640120 0.000000 -0.113611 0.980901 0.157882 7.472600 -0.630114 -0.194001 0.751878 1.897700 0.000000 0.000000 0.000000 1.000000
0.771272 -0.018639 0.636233 -0.000000 -0.109802 0.980690 0.161837 7.472600 -0.626963 -0.194680 0.754332 1.897700 0.000000 0.000000 0.000000 1.000000
0.779449 -0.021932 0.626082 0.000000 -0.105239 0.980601 0.165370 7.472600 -0.617563 -0.194785 0.762020 1.897700 0.000000 0.000000 0.000000 1.000000</float_array><technique_common><accessor source="#Head-Matrix-animation-output-transform-array" count="29" stride="16"><param type="float4x4"/></accessor></technique_common></source><source id="Head-Interpolations"><Name_array id="Head-Interpolations-array" count="29">
 LINEAR LINEAR LINEAR LINEAR LINEAR LINEAR LINEAR LINEAR LINEAR LINEAR LINEAR
LINEAR LINEAR LINEAR LINEAR LINEAR LINEAR LINEAR LINEAR LINEAR LINEAR LINEAR LINEAR
LINEAR LINEAR LINEAR LINEAR LINEAR LINEAR</Name_array><technique_common><accessor source="#Head-Interpolations-array" count="29"><param type="name"/></accessor></technique_common></source><sampler id="Head-Matrix-animation-transform"><input semantic="INPUT" source="#Head-Matrix-animation-input"/><input semantic="OUTPUT" source="#Head-Matrix-animation-output-transform"/><input semantic="INTERPOLATION" source="#Head-Interpolations"/></sampler><channel source="#Head-Matrix-animation-transform" target="Head/matrix"/></animation>
    <animation id="LeftShoulder-anim" name="LeftShoulder"><source id="LeftShoulder-Matrix-animation-input"><float_array id="LeftShoulder-Matrix-animation-input-array" count="29">

0.000000 0.033333 0.066667 0.100000 0.133333 0.166667 0.200000 0.233333 0.266667 0.300000 0.333333 0.366667 0.400000 0.433333 0.466667 0.500000
0.533333 0.566667 0.600000 0.633333 0.666667 0.700000 0.733333 0.766667 0.800000 0.833333 0.866667 0.900000 0.933333</float_array><technique_common><accessor source="#LeftShoulder-Matrix-animation-input-array" count="29"><param name="TIME" type="float"/></accessor></technique_common></source><source id="LeftShoulder-Matrix-animation-output-transform"><float_array id="LeftShoulder-Matrix-animation-output-transform-array" count="464">

0.988846 0.133309 -0.066430 5.550700 -0.137387 0.988629 -0.061132 13.775400 0.057525 0.069576 0.995917 -1.926500 0.000000 0.000000 0.000000 1.000000
0.986533 0.145502 -0.074705 5.550700 -0.150155 0.986780 -0.060973 13.775400 0.064846 0.071369 0.995340 -1.926500 0.000000 0.000000 0.000000 1.000000
0.983850 0.164444 -0.070689 5.550700 -0.168845 0.983719 -0.061555 13.775400 0.059416 0.072496 0.995597 -1.926500 0.000000 0.000000 0.000000 1.000000
0.980872 0.188154 -0.049890 5.550700 -0.191128 0.979500 -0.063642 13.775400 0.036893 0.071960 0.996725 -1.926500 0.000000 0.000000 0.000000 1.000000
0.977602 0.209929 -0.014969 5.550700 -0.210462 0.975254 -0.067716 13.775400 0.000383 0.069350 0.997592 -1.926500 0.000000 0.000000 0.000000 1.000000
0.974620 0.222415 0.025436 5.550700 -0.220094 0.972765 -0.072705 13.775400 -0.040914 0.065261 0.997029 -1.926500 0.000000 0.000000 0.000000 1.000000
0.972856 0.223284 0.060797 5.550700 -0.218503 0.972838 -0.076439 13.775400 -0.076213 0.061080 0.995219 -1.926500 0.000000 0.000000 0.000000 1.000000
0.972604 0.217052 0.083243 5.550700 -0.210793 0.974424 -0.077867 13.775400 -0.098016 0.058186 0.993482 -1.926500 0.000000 0.000000 0.000000 1.000000
0.973324 0.210963 0.090200 5.550700 -0.204301 0.975818 -0.077719 13.775400 -0.104415 0.057218 0.992887 -1.926500 0.000000 0.000000 0.000000 1.000000
0.974249 0.209136 0.084269 5.550700 -0.202889 0.976170 -0.076996 13.775400 -0.098363 0.057916 0.993464 -1.926500 0.000000 0.000000 0.000000 1.000000
0.974921 0.210880 0.071125 5.550700 -0.205501 0.975699 -0.076038 13.775400 -0.085432 0.059514 0.994565 -1.926500 0.000000 0.000000 0.000000 1.000000
0.975218 0.213848 0.056734 5.550700 -0.209425 0.974945 -0.074992 13.775400 -0.071350 0.061252 0.995569 -1.926500 0.000000 0.000000 0.000000 1.000000
0.975069 0.217298 0.044976 5.550700 -0.213659 0.974090 -0.074156 13.775400 -0.059924 0.062697 0.996232 -1.926500 0.000000 0.000000 0.000000 1.000000
0.974311 0.222151 0.036987 5.550700 -0.219035 0.972925 -0.073758 13.775400 -0.052371 0.063761 0.996590 -1.926500 0.000000 0.000000 0.000000 1.000000
0.974370 0.223399 0.026400 5.550700 -0.221009 0.972550 -0.072807 13.775400 -0.041940 0.065106 0.996997 -1.926500 0.000000 0.000000 0.000000 1.000000
0.977986 0.208624 0.004498 5.550700 -0.207820 0.975712 -0.069254 13.775400 -0.018837 0.066795 0.997589 -1.926500 0.000000 0.000000 0.000000 1.000000
0.983392 0.179760 -0.025041 5.550700 -0.181033 0.981350 -0.064646 13.775400 0.012954 0.068105 0.997594 -1.926500 0.000000 0.000000 0.000000 1.000000
