<?xml version="1.0" encoding="utf-8"?>
<COLLADA xmlns="http://www.collada.org/2005/11/COLLADASchema" version="1.4.1">
  <asset><contributor><author>Mixamo</author><authoring_tool>COLLADA Mixamo exporter</authoring_tool><comments></comments></contributor><created>2019-05-10T14:44:57Z</created><modified>2019-05-10T14:44:57Z</modified><revision></revision><title></title><unit meter="0.010000"/><up_axis>Y_UP</up_axis></asset>
  <library_animations>
    <animation id="Hips-anim" name="Hips"><source id="Hips-Matrix-animation-input"><float_array id="Hips-Matrix-animation-input-array" count="21">

0.000000 0.033333 0.066667 0.100000 0.133333 0.166667 0.200000 0.233333 0.266667 0.300000 0.333333 0.366667 0.400000 0.433333 0.466667 0.500000
0.533333 0.566667 0.600000 0.633333 0.666667</float_array><technique_common><accessor source="#Hips-Matrix-animation-input-array" count="21"><param name="TIME" type="float"/></accessor></technique_common></source><source id="Hips-Matrix-animation-output-transform"><float_array id="Hips-Matrix-animation-output-transform-array" count="336">

0.330701 0.170958 0.928122 -0.287453 -0.112055 0.983611 -0.141252 104.633522 -0.937059 -0.057288 0.344438 -0.123142 0.000000 0.000000 0.000000 1.000000
0.314671 0.187661 0.930465 -1.363982 -0.122414 0.980099 -0.156273 105.872398 -0.941274 -0.064728 0.331381 -0.141378 0.000000 0.000000 0.000000 1.000000
0.284793 0.189098 0.939753 -1.582025 -0.110095 0.980315 -0.163895 107.355591 -0.952246 -0.056785 0.300006 -0.589322 0.000000 0.000000 0.000000 1.000000
0.238362 0.184747 0.953442 -1.037863 -0.080621 0.982115 -0.170148 108.907768 -0.967824 -0.036310 0.248993 -1.397331 0.000000 0.000000 0.000000 1.000000
0.185782 0.185315 0.964958 0.097862 -0.048409 0.982588 -0.179381 109.916702 -0.981398 -0.013387 0.191518 -2.287740 0.000000 0.000000 0.000000 1.000000
0.148133 0.187741 0.970984 1.376483 -0.033024 0.982207 -0.184873 109.985062 -0.988416 -0.004680 0.151698 -3.078827 0.000000 0.000000 0.000000 1.000000
0.138377 0.177068 0.974422 2.356879 -0.039002 0.984099 -0.173288 109.278702 -0.989611 -0.014025 0.143083 -3.779071 0.000000 0.000000 0.000000 1.000000
0.147913 0.149354 0.977658 2.672103 -0.048361 0.988441 -0.143684 108.185463 -0.987817 -0.026028 0.153426 -4.465771 0.000000 0.000000 0.000000 1.000000
0.152581 0.119880 0.980993 2.129223 -0.042560 0.992492 -0.114665 106.944527 -0.987374 -0.024256 0.156538 -5.253512 0.000000 0.000000 0.000000 1.000000
0.141588 0.107744 0.984045 0.735357 -0.022167 0.994155 -0.105662 105.673401 -0.989677 -0.006853 0.143149 -6.168175 0.000000 0.000000 0.000000 1.000000
0.132870 0.114298 0.984521 -0.946955 0.000017 0.993328 -0.115322 105.008591 -0.991133 0.015340 0.131982 -6.808854 0.000000 0.000000 0.000000 1.000000
0.149292 0.124704 0.980898 -2.008906 0.006538 0.991869 -0.127094 105.508392 -0.988772 0.025387 0.147263 -6.825955 0.000000 0.000000 0.000000 1.000000
0.195573 0.131723 0.971802 -1.881045 -0.006274 0.991086 -0.133074 107.103569 -0.980669 0.019929 0.194657 -6.221666 0.000000 0.000000 0.000000 1.000000
0.247726 0.148444 0.957390 -1.032347 -0.044777 0.988890 -0.141742 108.535805 -0.967795 -0.007756 0.251621 -5.421436 0.000000 0.000000 0.000000 1.000000
0.282703 0.174292 0.943240 0.126698 -0.074035 0.984385 -0.159705 109.579041 -0.956346 -0.024684 0.291192 -4.777986 0.000000 0.000000 0.000000 1.000000
0.289385 0.188979 0.938373 1.391359 -0.071714 0.981843 -0.175618 109.917107 -0.954523 -0.016473 0.297683 -4.382691 0.000000 0.000000 0.000000 1.000000
0.275442 0.177922 0.944709 2.352489 -0.047348 0.984041 -0.171524 109.244705 -0.960151 0.002515 0.279470 -4.031547 0.000000 0.000000 0.000000 1.000000
0.261292 0.149386 0.953630 2.890992 -0.029204 0.988723 -0.146881 108.002975 -0.964818 0.010529 0.262708 -3.429001 0.000000 0.000000 0.000000 1.000000
0.268130 0.128723 0.954744 2.670334 -0.038969 0.991671 -0.122757 106.646164 -0.962594 -0.004291 0.270913 -2.454326 0.000000 0.000000 0.000000 1.000000
0.297031 0.136083 0.945121 1.503470 -0.073013 0.990132 -0.119618 105.473328 -0.952072 -0.033476 0.304035 -1.182287 0.000000 0.000000 0.000000 1.000000
0.330702 0.170958 0.928122 -0.287451 -0.112055 0.983611 -0.141252 104.633545 -0.937059 -0.057288 0.344439 -0.123139 0.000000 0.000000 0.000000 1.000000</float_array><technique_common><accessor source="#Hips-Matrix-animation-output-transform-array" count="21" stride="16"><param type="float4x4"/></accessor></technique_common></source><source id="Hips-Interpolations"><Name_array id="Hips-Interpolations-array" count="21">
 LINEAR LINEAR LINEAR LINEAR LINEAR LINEAR LINEAR LINEAR LINEAR LINEAR LINEAR
LINEAR LINEAR LINEAR LINEAR LINEAR LINEAR LINEAR LINEAR LINEAR LINEAR</Name_array><technique_common><accessor source="#Hips-Interpolations-array" count="21"><param type="name"/></accessor></technique_common></source><sampler id="Hips-Matrix-animation-transform"><input semantic="INPUT" source="#Hips-Matrix-animation-input"/><input semantic="OUTPUT" source="#Hips-Matrix-animation-output-transform"/><input semantic="INTERPOLATION" source="#Hips-Interpolations"/></sampler><channel source="#Hips-Matrix-animation-transform" target="Hips/matrix"/></animation>
    <animation id="Spine-anim" name="Spine"><source id="Spine-Matrix-animation-input"><float_array id="Spine-Matrix-animation-input-array" count="21">

0.000000 0.033333 0.066667 0.100000 0.133333 0.166667 0.200000 0.233333 0.266667 0.300000 0.333333 0.366667 0.400000 0.433333 0.466667 0.500000
0.533333 0.566667 0.600000 0.633333 0.666667</float_array><technique_common><accessor source="#Spine-Matrix-animation-input-array" count="21"><param name="TIME" type="float"/></accessor></technique_common></source><source id="Spine-Matrix-animation-output-transform"><float_array id="Spine-Matrix-animation-output-transform-array" count="336">

0.991703 -0.075620 -0.103955 -0.005700 0.061509 0.989230 -0.132818 10.895800 0.112879 0.125322 0.985674 -1.278700 0.000000 0.000000 0.000000 1.000000
0.993518 -0.079617 -0.081131 -0.005700 0.069425 0.990160 -0.121505 10.895800 0.090006 0.115085 0.989270 -1.278700 0.000000 0.000000 0.000000 1.000000
0.996258 -0.068744 -0.052385 -0.005700 0.062860 0.992300 -0.106721 10.895800 0.059318 0.103029 0.992908 -1.278700 0.000000 0.000000 0.000000 1.000000
0.998476 -0.053055 -0.015179 -0.005700 0.051486 0.994631 -0.089767 10.895800 0.019860 0.088849 0.995847 -1.278700 0.000000 0.000000 0.000000 1.000000
0.998724 -0.042364 0.027486 -0.005700 0.044283 0.996317 -0.073433 10.895800 -0.024274 0.074556 0.996921 -1.278700 0.000000 0.000000 0.000000 1.000000
0.997033 -0.044098 0.063085 -0.005700 0.048084 0.996846 -0.063136 10.895800 -0.060102 0.065982 0.996009 -1.278700 0.000000 0.000000 0.000000 1.000000
0.995590 -0.056377 0.074987 -0.005700 0.061232 0.996063 -0.064109 10.895800 -0.071077 0.068418 0.995122 -1.278700 0.000000 0.000000 0.000000 1.000000
0.996309 -0.066820 0.053887 -0.005700 0.070901 0.994447 -0.077771 10.895800 -0.048391 0.081305 0.995514 -1.278700 0.000000 0.000000 0.000000 1.000000
0.997818 -0.065700 0.006543 -0.005700 0.066024 0.992751 -0.100432 10.895800 0.000103 0.100645 0.994922 -1.278700 0.000000 0.000000 0.000000 1.000000
0.997500 -0.054387 -0.045117 -0.005700 0.048384 0.990992 -0.124878 10.895800 0.051503 0.122383 0.991146 -1.278700 0.000000 0.000000 0.000000 1.000000
0.995850 -0.039881 -0.081804 -0.005700 0.027880 0.989340 -0.142927 10.895800 0.086632 0.140054 0.986347 -1.278700 0.000000 0.000000 0.000000 1.000000
0.993855 -0.035426 -0.104871 -0.005700 0.019521 0.988649 -0.148973 10.895800 0.108958 0.146010 0.983265 -1.278700 0.000000 0.000000 0.000000 1.000000
0.990428 -0.044752 -0.130577 -0.005700 0.025953 0.989488 -0.142268 10.895800 0.135571 0.137518 0.981178 -1.278700 0.000000 0.000000 0.000000 1.000000
0.982097 -0.078426 -0.171275 -0.005700 0.056435 0.989947 -0.129694 10.895800 0.179725 0.117706 0.976650 -1.278700 0.000000 0.000000 0.000000 1.000000
0.969423 -0.106413 -0.221122 -0.005700 0.082031 0.989775 -0.116690 10.895800 0.231279 0.094983 0.968240 -1.278700 0.000000 0.000000 0.000000 1.000000
0.959424 -0.109075 -0.260018 -0.005700 0.083450 0.990679 -0.107664 10.895800 0.269337 0.081597 0.959583 -1.278700 0.000000 0.000000 0.000000 1.000000
0.959059 -0.089558 -0.268672 -0.005700 0.063106 0.992411 -0.105541 10.895800 0.276085 0.084266 0.957432 -1.278700 0.000000 0.000000 0.000000 1.000000
0.967929 -0.063949 -0.242949 -0.005700 0.038055 0.993223 -0.109821 10.895800 0.248325 0.097054 0.963802 -1.278700 0.000000 0.000000 0.000000 1.000000
0.979637 -0.050587 -0.194299 -0.005700 0.027854 0.992623 -0.117995 10.895800 0.198835 0.110180 0.973820 -1.278700 0.000000 0.000000 0.000000 1.000000
0.988182 -0.056540 -0.142474 -0.005700 0.038443 0.991194 -0.126711 10.895800 0.148384 0.119737 0.981654 -1.278700 0.000000 0.000000 0.000000 1.000000
0.991703 -0.075620 -0.103956 -0.005700 0.061509 0.989230 -0.132818 10.895800 0.112880 0.125322 0.985674 -1.278700 0.000000 0.000000 0.000000 1.000000</float_array><technique_common><accessor source="#Spine-Matrix-animation-output-transform-array" count="21" stride="16"><param type="float4x4"/></accessor></technique_common></source><source id="Spine-Interpolations"><Name_array id="Spine-Interpolations-array" count="21">
 LINEAR LINEAR LINEAR LINEAR LINEAR LINEAR LINEAR LINEAR LINEAR LINEAR LINEAR
LINEAR LINEAR LINEAR LINEAR LINEAR LINEAR LINEAR LINEAR LINEAR LINEAR</Name_array><technique_common><accessor source="#Spine-Interpolations-array" count="21"><param type="name"/></accessor></technique_common></source><sampler id="Spine-Matrix-animation-transform"><input semantic="INPUT" source="#Spine-Matrix-animation-input"/><input semantic="OUTPUT" source="#Spine-Matrix-animation-output-transform"/><input semantic="INTERPOLATION" source="#Spine-Interpolations"/></sampler><channel source="#Spine-Matrix-animation-transform" target="Spine/matrix"/></animation>
    <animation id="Spine1-anim" name="Spine1"><source id="Spine1-Matrix-animation-input"><float_array id="Spine1-Matrix-animation-input-array" count="21">

0.000000 0.033333 0.066667 0.100000 0.133333 0.166667 0.200000 0.233333 0.266667 0.300000 0.333333 0.366667 0.400000 0.433333 0.466667 0.500000
0.533333 0.566667 0.600000 0.633333 0.666667</float_array><technique_common><accessor source="#Spine1-Matrix-animation-input-array" count="21"><param name="TIME" type="float"/></accessor></technique_common></source><source id="Spine1-Matrix-animation-output-transform"><float_array id="Spine1-Matrix-animation-output-transform-array" count="336">

0.998655 -0.027003 -0.044263 -0.006600 0.024984 0.998650 -0.045547 12.711700 0.045433 0.044380 0.997981 -1.491800 0.000000 0.000000 0.000000 1.000000
0.999075 -0.025764 -0.034432 -0.006600 0.024295 0.998804 -0.042434 12.711700 0.035484 0.041559 0.998506 -1.491800 0.000000 0.000000 0.000000 1.000000
0.999523 -0.021755 -0.021918 -0.006600 0.020891 0.999023 -0.038937 12.711700 0.022744 0.038461 0.999001 -1.491800 0.000000 0.000000 0.000000 1.000000
0.999848 -0.015911 -0.007071 -0.006600 0.015658 0.999285 -0.034423 12.711700 0.007614 0.034307 0.999382 -1.491800 0.000000 0.000000 0.000000 1.000000
0.999910 -0.010657 0.008210 -0.006600 0.010889 0.999528 -0.028731 12.711700 -0.007900 0.028817 0.999553 -1.491800 0.000000 0.000000 0.000000 1.000000
0.999760 -0.008574 0.020154 -0.006600 0.009045 0.999686 -0.023377 12.711700 -0.019948 0.023553 0.999524 -1.491800 0.000000 0.000000 0.000000 1.000000
0.999657 -0.009866 0.024267 -0.006600 0.010383 0.999719 -0.021298 12.711700 -0.024050 0.021543 0.999479 -1.491800 0.000000 0.000000 0.000000 1.000000
0.999770 -0.011869 0.017880 -0.006600 0.012308 0.999621 -0.024617 12.711700 -0.017581 0.024831 0.999537 -1.491800 0.000000 0.000000 0.000000 1.000000
0.999929 -0.011524 0.002885 -0.006600 0.011612 0.999399 -0.032671 12.711700 -0.002507 0.032703 0.999462 -1.491800 0.000000 0.000000 0.000000 1.000000
0.999857 -0.008460 -0.014661 -0.006600 0.007832 0.999071 -0.042370 12.711700 0.015006 0.042250 0.998994 -1.491800 0.000000 0.000000 0.000000 1.000000
0.999557 -0.005552 -0.029251 -0.006600 0.004081 0.998735 -0.050108 12.711700 0.029492 0.049967 0.998315 -1.491800 0.000000 0.000000 0.000000 1.000000
0.999151 -0.006518 -0.040671 -0.006600 0.004339 0.998561 -0.053444 12.711700 0.040961 0.053222 0.997742 -1.491800 0.000000 0.000000 0.000000 1.000000
0.998499 -0.012900 -0.053220 -0.006600 0.010136 0.998602 -0.051886 12.711700 0.053815 0.051269 0.997234 -1.491800 0.000000 0.000000 0.000000 1.000000
0.997292 -0.022562 -0.070001 -0.006600 0.019306 0.998715 -0.046855 12.711700 0.070969 0.045377 0.996446 -1.491800 0.000000 0.000000 0.000000 1.000000
0.995603 -0.030604 -0.088535 -0.006600 0.027065 0.998796 -0.040905 12.711700 0.089681 0.038329 0.995233 -1.491800 0.000000 0.000000 0.000000 1.000000
0.994250 -0.032625 -0.101996 -0.006600 0.029021 0.998908 -0.036627 12.711700 0.103079 0.033456 0.994110 -1.491800 0.000000 0.000000 0.000000 1.000000
0.994141 -0.028386 -0.104294 -0.006600 0.024792 0.999058 -0.035603 12.711700 0.105207 0.032809 0.993909 -1.491800 0.000000 0.000000 0.000000 1.000000
0.995283 -0.022277 -0.094427 -0.006600 0.018787 0.999113 -0.037683 12.711700 0.095183 0.035731 0.994818 -1.491800 0.000000 0.000000 0.000000 1.000000
0.996841 -0.019473 -0.077000 -0.006600 0.016336 0.999019 -0.041162 12.711700 0.077726 0.039774 0.996181 -1.491800 0.000000 0.000000 0.000000 1.000000
0.998044 -0.021629 -0.058662 -0.006600 0.019053 0.998844 -0.044128 12.711700 0.059548 0.042924 0.997302 -1.491800 0.000000 0.000000 0.000000 1.000000
0.998655 -0.027003 -0.044263 -0.006600 0.024984 0.998650 -0.045547 12.711700 0.045433 0.044380 0.997981 -1.491800 0.000000 0.000000 0.000000 1.000000</float_array><technique_common><accessor source="#Spine1-Matrix-animation-output-transform-array" count="21" stride="16"><param type="float4x4"/></accessor></technique_common></source><source id="Spine1-Interpolations"><Name_array id="Spine1-Interpolations-array" count="21">
 LINEAR LINEAR LINEAR LINEAR LINEAR LINEAR LINEAR LINEAR LINEAR LINEAR LINEAR
LINEAR LINEAR LINEAR LINEAR LINEAR LINEAR LINEAR LINEAR LINEAR LINEAR</Name_array><technique_common><accessor source="#Spine1-Interpolations-array" count="21"><param type="name"/></accessor></technique_common></source><sampler id="Spine1-Matrix-animation-transform"><input semantic="INPUT" source="#Spine1-Matrix-animation-input"/><input semantic="OUTPUT" source="#Spine1-Matrix-animation-output-transform"/><input semantic="INTERPOLATION" source="#Spine1-Interpolations"/></sampler><channel source="#Spine1-Matrix-animation-transform" target="Spine1/matrix"/></animation>
    <animation id="Spine2-anim" name="Spine2"><source id="Spine2-Matrix-animation-input"><float_array id="Spine2-Matrix-animation-input-array" count="21">

0.000000 0.033333 0.066667 0.100000 0.133333 0.166667 0.200000 0.233333 0.266667 0.300000 0.333333 0.366667 0.400000 0.433333 0.466667 0.500000
0.533333 0.566667 0.600000 0.633333 0.666667</float_array><technique_common><accessor source="#Spine2-Matrix-animation-input-array" count="21"><param name="TIME" type="float"/></accessor></technique_common></source><source id="Spine2-Matrix-animation-output-transform"><float_array id="Spine2-Matrix-animation-output-transform-array" count="336">

0.998641 -0.027584 -0.044229 -0.007600 0.025580 0.998647 -0.045264 14.527700 0.045418 0.044072 0.997995 -1.704900 0.000000 0.000000 0.000000 1.000000
0.999064 -0.026141 -0.034478 -0.007600 0.024679 0.998805 -0.042195 14.527700 0.035540 0.041304 0.998514 -1.704900 0.000000 0.000000 0.000000 1.000000
0.999516 -0.021963 -0.022019 -0.007600 0.021098 0.999025 -0.038787 14.527700 0.022850 0.038303 0.999005 -1.704900 0.000000 0.000000 0.000000 1.000000
0.999846 -0.015995 -0.007189 -0.007600 0.015739 0.999285 -0.034369 14.527700 0.007734 0.034250 0.999383 -1.704900 0.000000 0.000000 0.000000 1.000000
0.999910 -0.010640 0.008124 -0.007600 0.010869 0.999528 -0.028731 14.527700 -0.007814 0.028817 0.999554 -1.704900 0.000000 0.000000 0.000000 1.000000
0.999761 -0.008446 0.020147 -0.007600 0.008917 0.999687 -0.023366 14.527700 -0.019943 0.023540 0.999524 -1.704900 0.000000 0.000000 0.000000 1.000000
0.999656 -0.009648 0.024374 -0.007600 0.010166 0.999723 -0.021240 14.527700 -0.024162 0.021480 0.999477 -1.704900 0.000000 0.000000 0.000000 1.000000
0.999768 -0.011657 0.018118 -0.007600 0.012100 0.999626 -0.024540 14.527700 -0.017825 0.024753 0.999535 -1.704900 0.000000 0.000000 0.000000 1.000000
0.999929 -0.011448 0.003253 -0.007600 0.011548 0.999400 -0.032655 14.527700 -0.002877 0.032690 0.999461 -1.704900 0.000000 0.000000 0.000000 1.000000
0.999862 -0.008596 -0.014187 -0.007600 0.007986 0.999065 -0.042489 14.527700 0.014539 0.042370 0.998996 -1.704900 0.000000 0.000000 0.000000 1.000000
0.999570 -0.005871 -0.028736 -0.007600 0.004418 0.998721 -0.050373 14.527700 0.028995 0.050224 0.998317 -1.704900 0.000000 0.000000 0.000000 1.000000
0.999167 -0.006913 -0.040214 -0.007600 0.004744 0.998542 -0.053773 14.527700 0.040527 0.053537 0.997743 -1.704900 0.000000 0.000000 0.000000 1.000000
0.998511 -0.013251 -0.052917 -0.007600 0.010489 0.998585 -0.052125 14.527700 0.053533 0.051492 0.997238 -1.704900 0.000000 0.000000 0.000000 1.000000
0.997294 -0.022832 -0.069884 -0.007600 0.019581 0.998710 -0.046857 14.527700 0.070863 0.045361 0.996454 -1.704900 0.000000 0.000000 0.000000 1.000000
0.995594 -0.030883 -0.088536 -0.007600 0.027367 0.998798 -0.040664 14.527700 0.089686 0.038062 0.995243 -1.704900 0.000000 0.000000 0.000000 1.000000
0.994236 -0.033055 -0.101990 -0.007600 0.029484 0.998905 -0.036326 14.527700 0.103079 0.033109 0.994122 -1.704900 0.000000 0.000000 0.000000 1.000000
0.994134 -0.029020 -0.104188 -0.007600 0.025446 0.999047 -0.035472 14.527700 0.105118 0.032612 0.993925 -1.704900 0.000000 0.000000 0.000000 1.000000
0.995285 -0.023030 -0.094224 -0.007600 0.019542 0.999095 -0.037775 14.527700 0.095008 0.035755 0.994834 -1.704900 0.000000 0.000000 0.000000 1.000000
0.996843 -0.020216 -0.076779 -0.007600 0.017078 0.999000 -0.041309 14.527700 0.077537 0.039867 0.996192 -1.704900 0.000000 0.000000 0.000000 1.000000
0.998038 -0.022291 -0.058509 -0.007600 0.019723 0.998832 -0.044112 14.527700 0.059424 0.042872 0.997312 -1.704900 0.000000 0.000000 0.000000 1.000000
0.998641 -0.027584 -0.044229 -0.007600 0.025580 0.998647 -0.045264 14.527700 0.045417 0.044072 0.997995 -1.704900 0.000000 0.000000 0.000000 1.000000</float_array><technique_common><accessor source="#Spine2-Matrix-animation-output-transform-array" count="21" stride="16"><param type="float4x4"/></accessor></technique_common></source><source id="Spine2-Interpolations"><Name_array id="Spine2-Interpolations-array" count="21">
 LINEAR LINEAR LINEAR LINEAR LINEAR LINEAR LINEAR LINEAR LINEAR LINEAR LINEAR
LINEAR LINEAR LINEAR LINEAR LINEAR LINEAR LINEAR LINEAR LINEAR LINEAR</Name_array><technique_common><accessor source="#Spine2-Interpolations-array" count="21"><param type="name"/></accessor></technique_common></source><sampler id="Spine2-Matrix-animation-transform"><input semantic="INPUT" source="#Spine2-Matrix-animation-input"/><input semantic="OUTPUT" source="#Spine2-Matrix-animation-output-transform"/><input semantic="INTERPOLATION" source="#Spine2-Interpolations"/></sampler><channel source="#Spine2-Matrix-animation-transform" target="Spine2/matrix"/></animation>
    <animation id="Neck-anim" name="Neck"><source id="Neck-Matrix-animation-input"><float_array id="Neck-Matrix-animation-input-array" count="21">

0.000000 0.033333 0.066667 0.100000 0.133333 0.166667 0.200000 0.233333 0.266667 0.300000 0.333333 0.366667 0.400000 0.433333 0.466667 0.500000
0.533333 0.566667 0.600000 0.633333 0.666667</float_array><technique_common><accessor source="#Neck-Matrix-animation-input-array" count="21"><param name="TIME" type="float"/></accessor></technique_common></source><source id="Neck-Matrix-animation-output-transform"><float_array id="Neck-Matrix-animation-output-transform-array" count="336">

0.987462 -0.023205 -0.156140 -0.008500 0.027339 0.999329 0.024382 16.343599 0.155469 -0.028345 0.987434 -1.918000 0.000000 0.000000 0.000000 1.000000
0.985928 -0.033020 -0.163877 -0.008500 0.036002 0.999235 0.015261 16.343599 0.163248 -0.020947 0.986363 -1.918000 0.000000 0.000000 0.000000 1.000000
0.983024 -0.044469 -0.178007 -0.008500 0.045436 0.998966 0.001357 16.343599 0.177763 -0.009422 0.984028 -1.918000 0.000000 0.000000 0.000000 1.000000
0.978549 -0.054227 -0.198751 -0.008500 0.052900 0.998528 -0.011981 16.343599 0.199109 0.001210 0.979977 -1.918000 0.000000 0.000000 0.000000 1.000000
0.973184 -0.059912 -0.222090 -0.008500 0.056584 0.998170 -0.021325 16.343599 0.222962 0.008186 0.974793 -1.918000 0.000000 0.000000 0.000000 1.000000
0.968873 -0.061442 -0.239812 -0.008500 0.056350 0.998017 -0.028040 16.343599 0.241059 0.013654 0.970414 -1.918000 0.000000 0.000000 0.000000 1.000000
0.967827 -0.059216 -0.244549 -0.008500 0.052432 0.998040 -0.034163 16.343599 0.246093 0.020242 0.969035 -1.918000 0.000000 0.000000 0.000000 1.000000
0.970525 -0.052071 -0.235308 -0.008500 0.044960 0.998358 -0.035489 16.343599 0.236769 0.023864 0.971273 -1.918000 0.000000 0.000000 0.000000 1.000000
0.975016 -0.039103 -0.218668 -0.008500 0.034739 0.999114 -0.023770 16.343599 0.219404 0.015580 0.975510 -1.918000 0.000000 0.000000 0.000000 1.000000
0.978816 -0.022794 -0.203470 -0.008500 0.023577 0.999721 0.001424 16.343599 0.203381 -0.006191 0.979080 -1.918000 0.000000 0.000000 0.000000 1.000000
0.981175 -0.008143 -0.192946 -0.008500 0.013487 0.999561 0.026397 16.343599 0.192647 -0.028503 0.980854 -1.918000 0.000000 0.000000 0.000000 1.000000
0.983249 0.001558 -0.182263 -0.008500 0.004820 0.999392 0.034544 16.343599 0.182206 -0.034843 0.982643 -1.918000 0.000000 0.000000 0.000000 1.000000
0.986346 0.006737 -0.164548 -0.008500 -0.002877 0.999715 0.023685 16.343599 0.164661 -0.022888 0.986085 -1.918000 0.000000 0.000000 0.000000 1.000000
0.990216 0.009441 -0.139224 -0.008500 -0.008416 0.999933 0.007952 16.343599 0.139289 -0.006702 0.990229 -1.918000 0.000000 0.000000 0.000000 1.000000
0.993404 0.010476 -0.114190 -0.008500 -0.010353 0.999945 0.001670 16.343599 0.114201 -0.000477 0.993458 -1.918000 0.000000 0.000000 0.000000 1.000000
0.994941 0.008914 -0.100067 -0.008500 -0.008454 0.999952 0.005021 16.343599 0.100107 -0.004150 0.994968 -1.918000 0.000000 0.000000 0.000000 1.000000
0.994765 0.003835 -0.102118 -0.008500 -0.003008 0.999961 0.008249 16.343599 0.102146 -0.007898 0.994738 -1.918000 0.000000 0.000000 0.000000 1.000000
0.993150 -0.003959 -0.116780 -0.008500 0.004741 0.999968 0.006421 16.343599 0.116751 -0.006931 0.993137 -1.918000 0.000000 0.000000 0.000000 1.000000
0.990768 -0.012156 -0.135019 -0.008500 0.012910 0.999906 0.004713 16.343599 0.134949 -0.006413 0.990832 -1.918000 0.000000 0.000000 0.000000 1.000000
0.988633 -0.018782 -0.149174 -0.008500 0.020510 0.999739 0.010060 16.343599 0.148946 -0.013005 0.988760 -1.918000 0.000000 0.000000 0.000000 1.000000
0.987462 -0.023205 -0.156140 -0.008500 0.027339 0.999329 0.024382 16.343599 0.155470 -0.028345 0.987434 -1.918000 0.000000 0.000000 0.000000 1.000000</float_array><technique_common><accessor source="#Neck-Matrix-animation-output-transform-array" count="21" stride="16"><param type="float4x4"/></accessor></technique_common></source><source id="Neck-Interpolations"><Name_array id="Neck-Interpolations-array" count="21">
 LINEAR LINEAR LINEAR LINEAR LINEAR LINEAR LINEAR LINEAR LINEAR LINEAR LINEAR
LINEAR LINEAR LINEAR LINEAR LINEAR LINEAR LINEAR LINEAR LINEAR LINEAR</Name_array><technique_common><accessor source="#Neck-Interpolations-array" count="21"><param type="name"/></accessor></technique_common></source><sampler id="Neck-Matrix-animation-transform"><input semantic="INPUT" source="#Neck-Matrix-animation-input"/><input semantic="OUTPUT" source="#Neck-Matrix-animation-output-transform"/><input semantic="INTERPOLATION" source="#Neck-Interpolations"/></sampler><channel source="#Neck-Matrix-animation-transform" target="Neck/matrix"/></animation>
    <animation id="Head-anim" name="Head"><source id="Head-Matrix-animation-input"><float_array id="Head-Matrix-animation-input-array" count="21">

0.000000 0.033333 0.066667 0.100000 0.133333 0.166667 0.200000 0.233333 0.266667 0.300000 0.333333 0.366667 0.400000 0.433333 0.466667 0.500000
0.533333 0.566667 0.600000 0.633333 0.666667</float_array><technique_common><accessor source="#Head-Matrix-animation-input-array" count="21"><param name="TIME" type="float"/></accessor></technique_common></source><source id="Head-Matrix-animation-output-transform"><float_array id="Head-Matrix-animation-output-transform-array" count="336">

0.745249 -0.079132 -0.662074 -0.000000 0.249889 0.953713 0.167293 7.472600 0.618190 -0.290120 0.730528 1.897700 0.000000 0.000000 0.000000 1.000000
0.728362 -0.097479 -0.678223 0.000000 0.265324 0.952731 0.148006 7.472600 0.631737 -0.287751 0.719797 1.897700 0.000000 0.000000 0.000000 1.000000
0.689167 -0.116917 -0.715108 0.000000 0.282906 0.951985 0.116998 7.472600 0.667093 -0.282939 0.689153 1.897700 0.000000 0.000000 0.000000 1.000000
0.625661 -0.124261 -0.770135 0.000000 0.294744 0.951708 0.085894 7.472600 0.722270 -0.280733 0.632072 1.897700 0.000000 0.000000 0.000000 1.000000
0.551093 -0.111248 -0.826995 0.000000 0.294761 0.953134 0.068206 7.472600 0.780648 -0.281354 0.558057 1.897700 0.000000 0.000000 0.000000 1.000000
0.495543 -0.084107 -0.864502 0.000000 0.283681 0.956392 0.069563 7.472600 0.820952 -0.279715 0.497793 1.897700 0.000000 0.000000 0.000000 1.000000
0.485049 -0.058307 -0.872541 0.000000 0.267280 0.959913 0.084436 7.472600 0.832640 -0.274168 0.481189 1.897700 0.000000 0.000000 0.000000 1.000000
0.517525 -0.048842 -0.854273 0.000000 0.255781 0.961551 0.099978 7.472600 0.816544 -0.270248 0.510120 1.897700 0.000000 0.000000 0.000000 1.000000
0.563047 -0.063019 -0.824019 0.000000 0.261297 0.959513 0.105161 7.472600 0.784030 -0.274524 0.556717 1.897700 0.000000 0.000000 0.000000 1.000000
0.592154 -0.091017 -0.800668 0.000000 0.284767 0.953127 0.102258 7.472600 0.753831 -0.288557 0.590316 1.897700 0.000000 0.000000 0.000000 1.000000
0.604115 -0.111829 -0.789012 0.000000 0.309055 0.945491 0.102624 7.472600 0.734527 -0.305845 0.605746 1.897700 0.000000 0.000000 0.000000 1.000000
0.624573 -0.113872 -0.772620 -0.000000 0.312599 0.943055 0.113709 7.472600 0.715675 -0.312539 0.624603 1.897700 0.000000 0.000000 0.000000 1.000000
0.674864 -0.101563 -0.730919 0.000000 0.288827 0.947819 0.134975 7.472600 0.679071 -0.302199 0.668983 1.897700 0.000000 0.000000 0.000000 1.000000
0.745931 -0.087609 -0.660236 -0.000000 0.252904 0.954320 0.159097 7.472600 0.616139 -0.285652 0.734014 1.897700 0.000000 0.000000 0.000000 1.000000
0.806936 -0.084840 -0.584514 0.000000 0.228427 0.957451 0.176379 7.472600 0.544679 -0.275845 0.791981 1.897700 0.000000 0.000000 0.000000 1.000000
0.835198 -0.095109 -0.541662 0.000000 0.226202 0.957170 0.180718 7.472600 0.501275 -0.273460 0.820941 1.897700 0.000000 0.000000 0.000000 1.000000
0.828507 -0.106490 -0.549760 0.000000 0.237572 0.955863 0.172876 7.472600 0.507086 -0.273836 0.817238 1.897700 0.000000 0.000000 0.000000 1.000000
0.798968 -0.107115 -0.591757 0.000000 0.247014 0.955622 0.160530 7.472600 0.548301 -0.274431 0.789971 1.897700 0.000000 0.000000 0.000000 1.000000
0.766250 -0.097291 -0.635134 0.000000 0.248588 0.956384 0.153406 7.472600 0.592507 -0.275434 0.757015 1.897700 0.000000 0.000000 0.000000 1.000000
0.746662 -0.085518 -0.659683 0.000000 0.247424 0.956253 0.156083 7.472600 0.617476 -0.279762 0.735157 1.897700 0.000000 0.000000 0.000000 1.000000
0.745249 -0.079132 -0.662074 0.000000 0.249889 0.953713 0.167293 7.472600 0.618190 -0.290120 0.730528 1.897700 0.000000 0.000000 0.000000 1.000000</float_array><technique_common><accessor source="#Head-Matrix-animation-output-transform-array" count="21" stride="16"><param type="float4x4"/></accessor></technique_common></source><source id="Head-Interpolations"><Name_array id="Head-Interpolations-array" count="21">
 LINEAR LINEAR LINEAR LINEAR LINEAR LINEAR LINEAR LINEAR LINEAR LINEAR LINEAR
LINEAR LINEAR LINEAR LINEAR LINEAR LINEAR LINEAR LINEAR LINEAR LINEAR</Name_array><technique_common><accessor source="#Head-Interpolations-array" count="21"><param type="name"/></accessor></technique_common></source><sampler id="Head-Matrix-animation-transform"><input semantic="INPUT" source="#Head-Matrix-animation-input"/><input semantic="OUTPUT" source="#Head-Matrix-animation-output-transform"/><input semantic="INTERPOLATION" source="#Head-Interpolations"/></sampler><channel source="#Head-Matrix-animation-transform" target="Head/matrix"/></animation>
    <animation id="LeftShoulder-anim" name="LeftShoulder"><source id="LeftShoulder-Matrix-animation-input"><float_array id="LeftShoulder-Matrix-animation-input-array" count="21">

0.000000 0.033333 0.066667 0.100000 0.133333 0.166667 0.200000 0.233333 0.266667 0.300000 0.333333 0.366667 0.400000 0.433333 0.466667 0.500000
0.533333 0.566667 0.600000 0.633333 0.666667</float_array><technique_common><accessor source="#LeftShoulder-Matrix-animation-input-array" count="21"><param name="TIME" type="float"/></accessor></technique_common></source><source id="LeftShoulder-Matrix-animation-output-transform"><float_array id="LeftShoulder-Matrix-animation-output-transform-array" count="336">

0.888750 0.224708 -0.399536 5.550700 -0.251795 0.967650 -0.015876 13.775400 0.383044 0.114711 0.916580 -1.926500 0.000000 0.000000 0.000000 1.000000
0.918337 0.184288 -0.350278 5.550700 -0.206719 0.978016 -0.027410 13.775400 0.337526 0.097581 0.936245 -1.926500 0.000000 0.000000 0.000000 1.000000
0.935103 0.145961 -0.322920 5.550700 -0.165483 0.985637 -0.033691 13.775400 0.313365 0.084942 0.945826 -1.926500 0.000000 0.000000 0.000000 1.000000
0.938957 0.115305 -0.324136 5.550700 -0.134588 0.990187 -0.037635 13.775400 0.316616 0.078963 0.945262 -1.926500 0.000000 0.000000 0.000000 1.000000
0.932390 0.098111 -0.347885 5.550700 -0.119620 0.991979 -0.040842 13.775400 0.341087 0.079695 0.936647 -1.926500 0.000000 0.000000 0.000000 1.000000
0.921851 0.097646 -0.375042 5.550700 -0.122024 0.991649 -0.041750 13.775400 0.367834 0.084252 0.926067 -1.926500 0.000000 0.000000 0.000000 1.000000
0.914588 0.113528 -0.388125 5.550700 -0.139172 0.989519 -0.038512 13.775400 0.379685 0.089239 0.920802 -1.926500 0.000000 0.000000 0.000000 1.000000
0.912139 0.142249 -0.384404 5.550700 -0.167247 0.985389 -0.032210 13.775400 0.374206 0.093671 0.922603 -1.926500 0.000000 0.000000 0.000000 1.000000
0.908682 0.178786 -0.377269 5.550700 -0.203115 0.978827 -0.025357 13.775400 0.364747 0.099670 0.925757 -1.926500 0.000000 0.000000 0.000000 1.000000
0.896718 0.218169 -0.385096 5.550700 -0.243762 0.969663 -0.018269 13.775400 0.369427 0.110254 0.922696 -1.926500 0.000000 0.000000 0.000000 1.000000
0.873187 0.255540 -0.415022 5.550700 -0.284725 0.958569 -0.008833 13.775400 0.395570 0.125880 0.909768 -1.926500 0.000000 0.000000 0.000000 1.000000
0.843315 0.285578 -0.455264 5.550700 -0.319211 0.947678 0.003164 13.775400 0.432347 0.142657 0.890351 -1.926500 0.000000 0.000000 0.000000 1.000000
0.820421 0.304116 -0.484172 5.550700 -0.340819 0.940040 0.012940 13.775400 0.459077 0.154399 0.874877 -1.926500 0.000000 0.000000 0.000000 1.000000
0.815644 0.311537 -0.487513 5.550700 -0.348723 0.937099 0.015399 13.775400 0.461645 0.157447 0.872980 -1.926500 0.000000 0.000000 0.000000 1.000000
0.825867 0.313297 -0.468815 5.550700 -0.348846 0.937107 0.011716 13.775400 0.443001 0.153868 0.883219 -1.926500 0.000000 0.000000 0.000000 1.000000
0.837507 0.314921 -0.446549 5.550700 -0.348478 0.937287 0.007432 13.775400 0.420885 0.149388 0.894728 -1.926500 0.000000 0.000000 0.000000 1.000000
0.841406 0.315821 -0.438512 5.550700 -0.348601 0.937251 0.006131 13.775400 0.412933 0.147707 0.898704 -1.926500 0.000000 0.000000 0.000000 1.000000
0.840218 0.309538 -0.445219 5.550700 -0.342644 0.939443 0.006507 13.775400 0.420271 0.147085 0.895398 -1.926500 0.000000 0.000000 0.000000 1.000000
0.844125 0.290751 -0.450463 5.550700 -0.323864 0.946096 0.003767 13.775400 0.427277 0.142709 0.892787 -1.926500 0.000000 0.000000 0.000000 1.000000
0.860493 0.260657 -0.437732 5.550700 -0.292032 0.956398 -0.004568 13.775400 0.417455 0.131762 0.899094 -1.926500 0.000000 0.000000 0.000000 1.000000
0.888750 0.224708 -0.399536 5.550700 -0.251795 0.967650 -0.015877 13.775400 0.383044 0.114711 0.916580 -1.926500 0.000000 0.000000 0.000000 1.000000</float_array><technique_common><accessor source="#LeftShoulder-Matrix-animation-output-transform-array" count="21" stride="16"><param type="float4x4"/></accessor></technique_common></source><source id="LeftShoulder-Interpolations"><Name_array id="LeftShoulder-Interpolations-array" count="21">
 LINEAR LINEAR LINEAR LINEAR LINEAR LINEAR LINEAR LINEAR LINEAR LINEAR LINEAR
LINEAR LINEAR LINEAR LINEAR LINEAR LINEAR LINEAR LINEAR LINEAR LINEAR</Name_array><technique_common><accessor source="#LeftShoulder-Interpolations-array" count="21"><param type="name"/></accessor></technique_common></source><sampler id="LeftShoulder-Matrix-animation-transform"><input semantic="INPUT" source="#LeftShoulder-Matrix-animation-input"/><input semantic="OUTPUT" source="#LeftShoulder-Matrix-animation-output-transform"/><input semantic="INTERPOLATION" source="#LeftShoulder-Interpolations"/></sampler><channel source="#LeftShoulder-Matrix-animation-transform" target="LeftShoulder/matrix"/></animation>
    <animation id="LeftArm-anim" name="LeftArm"><source id="LeftArm-Matrix-animation-input"><float_array id="LeftArm-Matrix-animation-input-array" count="21">

0.000000 0.033333 0.066667 0.100000 0.133333 0.166667 0.200000 0.233333 0.266667 0.300000 0.333333 0.366667 0.400000 0.433333 0.466667 0.500000
0.533333 0.566667 0.600000 0.633333 0.666667</float_array><technique_common><accessor source="#LeftArm-Matrix-animation-input-array" count="21"><param name="TIME" type="float"/></accessor></technique_common></source><source id="LeftArm-Matrix-animation-output-transform"><float_array id="LeftArm-Matrix-animation-output-transform-array" count="336">

0.707122 0.705108 -0.052918 11.839400 -0.674696 0.650439 -0.348876 -3.135400 -0.211576 0.282402 0.935673 -0.017100 0.000000 0.000000 0.000000 1.000000
0.690111 0.723660 0.007955 11.839400 -0.625901 0.602331 -0.495424 -3.135400 -0.363310 0.336919 0.868615 -0.017100 0.000000 0.000000 0.000000 1.000000
0.692346 0.717798 0.073639 11.839400 -0.532643 0.577252 -0.618928 -3.135400 -0.486773 0.389289 0.781988 -0.017100 0.000000 0.000000 0.000000 1.000000
0.712163 0.686299 0.147708 11.839400 -0.416041 0.582083 -0.698634 -3.135400 -0.565450 0.436089 0.700066 -0.017100 0.000000 0.000000 0.000000 1.000000
0.738585 0.638080 0.217593 11.839400 -0.310967 0.608824 -0.729817 -3.135400 -0.598157 0.471367 0.648090 -0.017100 0.000000 0.000000 0.000000 1.000000
0.762147 0.593571 0.258469 11.839400 -0.250768 0.638738 -0.727413 -3.135400 -0.596865 0.489579 0.635660 -0.017100 0.000000 0.000000 0.000000 1.000000
0.781435 0.570203 0.253432 11.839400 -0.251937 0.659886 -0.707869 -3.135400 -0.570865 0.489305 0.659313 -0.017100 0.000000 0.000000 0.000000 1.000000
0.799643 0.565651 0.201518 11.839400 -0.308324 0.674758 -0.670551 -3.135400 -0.515274 0.474069 0.713969 -0.017100 0.000000 0.000000 0.000000 1.000000
0.820742 0.560231 0.111914 11.839400 -0.392843 0.695663 -0.601438 -3.135400 -0.414799 0.449660 0.791042 -0.017100 0.000000 0.000000 0.000000 1.000000
0.843417 0.537255 -0.002120 11.839400 -0.466993 0.731152 -0.497327 -3.135400 -0.265641 0.420444 0.867561 -0.017100 0.000000 0.000000 0.000000 1.000000
0.858119 0.499455 -0.119064 11.839400 -0.503953 0.774895 -0.381534 -3.135400 -0.098297 0.387404 0.916655 -0.017100 0.000000 0.000000 0.000000 1.000000
0.860697 0.465570 -0.206024 11.839400 -0.507878 0.813388 -0.283653 -3.135400 0.035517 0.348775 0.936533 -0.017100 0.000000 0.000000 0.000000 1.000000
0.860417 0.449584 -0.239909 11.839400 -0.498491 0.840289 -0.213120 -3.135400 0.105778 0.302965 0.947113 -0.017100 0.000000 0.000000 0.000000 1.000000
0.864520 0.448012 -0.227795 11.839400 -0.487627 0.857471 -0.164207 -3.135400 0.121760 0.253039 0.959763 -0.017100 0.000000 0.000000 0.000000 1.000000
0.869756 0.452179 -0.197633 11.839400 -0.480665 0.866943 -0.131798 -3.135400 0.111740 0.209627 0.971376 -0.017100 0.000000 0.000000 0.000000 1.000000
0.868064 0.465590 -0.172310 11.839400 -0.487482 0.865071 -0.118378 -3.135400 0.093945 0.186758 0.977904 -0.017100 0.000000 0.000000 0.000000 1.000000
0.852012 0.500024 -0.155082 11.839400 -0.519336 0.844649 -0.129838 -3.135400 0.066068 0.191163 0.979332 -0.017100 0.000000 0.000000 0.000000 1.000000
0.819433 0.556226 -0.138356 11.839400 -0.572878 0.802555 -0.166482 -3.135400 0.018437 0.215682 0.976290 -0.017100 0.000000 0.000000 0.000000 1.000000
0.777172 0.618409 -0.116507 11.839400 -0.627310 0.746668 -0.221288 -3.135400 -0.049854 0.245065 0.968224 -0.017100 0.000000 0.000000 0.000000 1.000000
0.737010 0.670121 -0.088060 11.839400 -0.663301 0.692105 -0.284643 -3.135400 -0.129799 0.268195 0.954580 -0.017100 0.000000 0.000000 0.000000 1.000000
0.707122 0.705108 -0.052919 11.839400 -0.674696 0.650439 -0.348876 -3.135400 -0.211575 0.282402 0.935674 -0.017100 0.000000 0.000000 0.000000 1.000000</float_array><technique_common><accessor source="#LeftArm-Matrix-animation-output-transform-array" count="21" stride="16"><param type="float4x4"/></accessor></technique_common></source><source id="LeftArm-Interpolations"><Name_array id="LeftArm-Interpolations-array" count="21">
 LINEAR LINEAR LINEAR LINEAR LINEAR LINEAR LINEAR LINEAR LINEAR LINEAR LINEAR
LINEAR LINEAR LINEAR LINEAR LINEAR LINEAR LINEAR LINEAR LINEAR LINEAR</Name_array><technique_common><accessor source="#LeftArm-Interpolations-array" count="21"><param type="name"/></accessor></technique_common></source><sampler id="LeftArm-Matrix-animation-transform"><input semantic="INPUT" source="#LeftArm-Matrix-animation-input"/><input semantic="OUTPUT" source="#LeftArm-Matrix-animation-output-transform"/><input semantic="INTERPOLATION" source="#LeftArm-Interpolations"/></sampler><channel source="#LeftArm-Matrix-animation-transform" target="LeftArm/matrix"/></animation>
    <animation id="LeftForeArm-anim" name="LeftForeArm"><source id="LeftForeArm-Matrix-animation-input"><float_array id="LeftForeArm-Matrix-animation-input-array" count="21">

0.000000 0.033333 0.066667 0.100000 0.133333 0.166667 0.200000 0.233333 0.266667 0.300000 0.333333 0.366667 0.400000 0.433333 0.466667 0.500000
0.533333 0.566667 0.600000 0.633333 0.666667</float_array><technique_common><accessor source="#LeftForeArm-Matrix-animation-input-array" count="21"><param name="TIME" type="float"/></accessor></technique_common></source><source id="LeftForeArm-Matrix-animation-output-transform"><float_array id="LeftForeArm-Matrix-animation-output-transform-array" count="336">

0.517816 -0.020677 -0.855242 29.161200 0.010240 0.999786 -0.017971 0.594900 0.855430 0.000548 0.517917 -2.065900 0.000000 0.000000 0.000000 1.000000
0.477178 -0.020685 -0.878563 29.161200 0.009404 0.999786 -0.018432 0.594900 0.878756 0.000533 0.477270 -2.065900 0.000000 0.000000 0.000000 1.000000
0.410056 -0.020697 -0.911825 29.161200 0.008024 0.999786 -0.019085 0.594900 0.912025 0.000509 0.410134 -2.065900 0.000000 0.000000 0.000000 1.000000
0.357323 -0.020705 -0.933751 29.161200 0.006942 0.999786 -0.019513 0.594900 0.933955 0.000491 0.357390 -2.065900 0.000000 0.000000 0.000000 1.000000
0.365692 -0.020703 -0.930506 29.161200 0.007113 0.999786 -0.019449 0.594900 0.930709 0.000494 0.365761 -2.065900 0.000000 0.000000 0.000000 1.000000
0.449468 -0.020690 -0.893057 29.161200 0.008834 0.999786 -0.018717 0.594900 0.893253 0.000524 0.449555 -2.065900 0.000000 0.000000 0.000000 1.000000
0.576127 -0.020663 -0.817099 29.161200 0.011442 0.999786 -0.017215 0.594900 0.817280 0.000569 0.576241 -2.065900 0.000000 0.000000 0.000000 1.000000
