<?xml version="1.0" encoding="utf-8"?>
<COLLADA xmlns="http://www.collada.org/2005/11/COLLADASchema" version="1.4.1">
  <asset><contributor><author>Mixamo</author><authoring_tool>COLLADA Mixamo exporter</authoring_tool><comments></comments></contributor><created>2019-05-10T17:14:03Z</created><modified>2019-05-10T17:14:03Z</modified><revision></revision><title></title><unit meter="0.010000"/><up_axis>Y_UP</up_axis></asset>
  <library_animations>
    <animation id="Hips-anim" name="Hips"><source id="Hips-Matrix-animation-input"><float_array id="Hips-Matrix-animation-input-array" count="18">

0.000000 0.033333 0.066667 0.100000 0.133333 0.166667 0.200000 0.233333 0.266667 0.300000 0.333333 0.366667 0.400000 0.433333 0.466667 0.500000
0.533333 0.566667</float_array><technique_common><accessor source="#Hips-Matrix-animation-input-array" count="18"><param name="TIME" type="float"/></accessor></technique_common></source><source id="Hips-Matrix-animation-output-transform"><float_array id="Hips-Matrix-animation-output-transform-array" count="288">

0.996616 -0.052771 -0.063022 0.363600 0.050538 0.998054 -0.036516 103.349182 0.064826 0.033207 0.997344 0.920000 0.000000 0.000000 0.000000 1.000000
0.993066 -0.073328 -0.091884 -0.037593 0.074037 0.997246 0.004326 103.397293 0.091314 -0.011099 0.995760 2.179215 0.000000 0.000000 0.000000 1.000000
0.992122 -0.083248 -0.093616 0.125884 0.086941 0.995560 0.036083 104.305389 0.090197 -0.043937 0.994954 3.779161 0.000000 0.000000 0.000000 1.000000
0.992143 -0.095593 -0.080716 0.646429 0.099423 0.994034 0.044840 105.852051 0.075948 -0.052513 0.995728 5.027549 0.000000 0.000000 0.000000 1.000000
0.989704 -0.114887 -0.085366 1.252146 0.117300 0.992811 0.023802 107.255287 0.082018 -0.033571 0.996065 5.568690 0.000000 0.000000 0.000000 1.000000
0.983400 -0.127102 -0.129493 1.779388 0.125818 0.991888 -0.018087 107.914299 0.130742 0.001494 0.991415 5.207846 0.000000 0.000000 0.000000 1.000000
0.973667 -0.121433 -0.192944 2.226570 0.112383 0.992016 -0.057216 107.504326 0.198352 0.034026 0.979540 4.204546 0.000000 0.000000 0.000000 1.000000
0.967179 -0.102503 -0.232503 2.653450 0.087471 0.993408 -0.074091 106.319695 0.238565 0.051322 0.969769 2.969961 0.000000 0.000000 0.000000 1.000000
0.969232 -0.085256 -0.230914 3.039706 0.070784 0.995014 -0.070265 104.877052 0.235753 0.051758 0.970434 2.103497 0.000000 0.000000 0.000000 1.000000
0.973730 -0.080932 -0.212838 3.283942 0.070705 0.995966 -0.055246 103.860367 0.216450 0.038746 0.975525 2.104503 0.000000 0.000000 0.000000 1.000000
0.974427 -0.080795 -0.209677 3.237416 0.074777 0.996533 -0.036486 103.663460 0.211898 0.019874 0.977090 2.714557 0.000000 0.000000 0.000000 1.000000
0.973311 -0.071426 -0.218094 2.916371 0.068049 0.997418 -0.022965 104.486786 0.219171 0.007511 0.975658 3.344453 0.000000 0.000000 0.000000 1.000000
0.977454 -0.052186 -0.204599 2.498648 0.048066 0.998530 -0.025056 105.663513 0.205605 0.014657 0.978525 3.688714 0.000000 0.000000 0.000000 1.000000
0.988179 -0.037825 -0.148568 2.118315 0.031157 0.998411 -0.046957 106.170029 0.150108 0.041773 0.987787 3.636434 0.000000 0.000000 0.000000 1.000000
0.996733 -0.037413 -0.071574 1.720827 0.032096 0.996739 -0.074040 105.539513 0.074111 0.071501 0.994684 3.117465 0.000000 0.000000 0.000000 1.000000
0.998728 -0.046258 -0.020066 1.298522 0.044442 0.995551 -0.083084 104.373260 0.023820 0.082087 0.996341 2.208822 0.000000 0.000000 0.000000 1.000000
0.998339 -0.053965 -0.020159 0.829751 0.052484 0.996310 -0.067910 103.447433 0.023750 0.066739 0.997488 1.241416 0.000000 0.000000 0.000000 1.000000
0.996616 -0.052771 -0.063022 0.363602 0.050538 0.998054 -0.036516 103.349182 0.064826 0.033207 0.997344 0.920001 0.000000 0.000000 0.000000 1.000000</float_array><technique_common><accessor source="#Hips-Matrix-animation-output-transform-array" count="18" stride="16"><param type="float4x4"/></accessor></technique_common></source><source id="Hips-Interpolations"><Name_array id="Hips-Interpolations-array" count="18">
 LINEAR LINEAR LINEAR LINEAR LINEAR LINEAR LINEAR LINEAR LINEAR LINEAR LINEAR
LINEAR LINEAR LINEAR LINEAR LINEAR LINEAR LINEAR</Name_array><technique_common><accessor source="#Hips-Interpolations-array" count="18"><param type="name"/></accessor></technique_common></source><sampler id="Hips-Matrix-animation-transform"><input semantic="INPUT" source="#Hips-Matrix-animation-input"/><input semantic="OUTPUT" source="#Hips-Matrix-animation-output-transform"/><input semantic="INTERPOLATION" source="#Hips-Interpolations"/></sampler><channel source="#Hips-Matrix-animation-transform" target="Hips/matrix"/></animation>
    <animation id="Spine-anim" name="Spine"><source id="Spine-Matrix-animation-input"><float_array id="Spine-Matrix-animation-input-array" count="18">

0.000000 0.033333 0.066667 0.100000 0.133333 0.166667 0.200000 0.233333 0.266667 0.300000 0.333333 0.366667 0.400000 0.433333 0.466667 0.500000
0.533333 0.566667</float_array><technique_common><accessor source="#Spine-Matrix-animation-input-array" count="18"><param name="TIME" type="float"/></accessor></technique_common></source><source id="Spine-Matrix-animation-output-transform"><float_array id="Spine-Matrix-animation-output-transform-array" count="288">

0.999568 0.014578 0.025519 -0.005700 -0.012235 0.995896 -0.089679 10.895800 -0.026722 0.089328 0.995644 -1.278700 0.000000 0.000000 0.000000 1.000000
0.998897 0.046322 -0.007641 -0.005700 -0.046848 0.994110 -0.097730 10.895800 0.003069 0.097981 0.995184 -1.278700 0.000000 0.000000 0.000000 1.000000
0.996258 0.053939 -0.067531 -0.005700 -0.060161 0.993773 -0.093787 10.895800 0.062051 0.097499 0.993299 -1.278700 0.000000 0.000000 0.000000 1.000000
0.988797 0.054958 -0.138780 -0.005700 -0.066495 0.994582 -0.079911 10.895800 0.133636 0.088244 0.987094 -1.278700 0.000000 0.000000 0.000000 1.000000
0.980553 0.061448 -0.186387 -0.005700 -0.074241 0.995283 -0.062448 10.895800 0.181671 0.075071 0.980490 -1.278700 0.000000 0.000000 0.000000 1.000000
0.981048 0.064305 -0.182785 -0.005700 -0.075033 0.995804 -0.052389 10.895800 0.178649 0.065111 0.981756 -1.278700 0.000000 0.000000 0.000000 1.000000
0.988978 0.054017 -0.137854 -0.005700 -0.061977 0.996609 -0.054117 10.895800 0.134463 0.062065 0.988973 -1.278700 0.000000 0.000000 0.000000 1.000000
0.995623 0.035500 -0.086455 -0.005700 -0.040838 0.997316 -0.060768 10.895800 0.084066 0.064032 0.994401 -1.278700 0.000000 0.000000 0.000000 1.000000
0.998623 0.022579 -0.047353 -0.005700 -0.025666 0.997514 -0.065623 10.895800 0.045754 0.066748 0.996720 -1.278700 0.000000 0.000000 0.000000 1.000000
0.999689 0.024293 -0.005660 -0.005700 -0.024624 0.997351 -0.068438 10.895800 0.003982 0.068557 0.997639 -1.278700 0.000000 0.000000 0.000000 1.000000
0.997763 0.029768 0.059865 -0.005700 -0.025380 0.997026 -0.072769 10.895800 -0.061853 0.071086 0.995551 -1.278700 0.000000 0.000000 0.000000 1.000000
0.989707 0.024080 0.141067 -0.005700 -0.013315 0.996960 -0.076763 10.895800 -0.142487 0.074094 0.987019 -1.278700 0.000000 0.000000 0.000000 1.000000
0.979305 0.005949 0.202300 -0.005700 0.008915 0.997330 -0.072485 10.895800 -0.202191 0.072789 0.976637 -1.278700 0.000000 0.000000 0.000000 1.000000
0.976661 -0.009346 0.214584 -0.005700 0.022953 0.997873 -0.061008 10.895800 -0.213557 0.064509 0.974798 -1.278700 0.000000 0.000000 0.000000 1.000000
0.983673 -0.011453 0.179600 -0.005700 0.021250 0.998383 -0.052718 10.895800 -0.178706 0.055674 0.982326 -1.278700 0.000000 0.000000 0.000000 1.000000
0.992454 -0.003156 0.122577 -0.005700 0.010047 0.998401 -0.055634 10.895800 -0.122205 0.056446 0.990899 -1.278700 0.000000 0.000000 0.000000 1.000000
0.997638 0.007563 0.068276 -0.005700 -0.002777 0.997549 -0.069922 10.895800 -0.068637 0.069568 0.995213 -1.278700 0.000000 0.000000 0.000000 1.000000
0.999568 0.014578 0.025519 -0.005700 -0.012234 0.995896 -0.089679 10.895800 -0.026722 0.089328 0.995644 -1.278700 0.000000 0.000000 0.000000 1.000000</float_array><technique_common><accessor source="#Spine-Matrix-animation-output-transform-array" count="18" stride="16"><param type="float4x4"/></accessor></technique_common></source><source id="Spine-Interpolations"><Name_array id="Spine-Interpolations-array" count="18">
 LINEAR LINEAR LINEAR LINEAR LINEAR LINEAR LINEAR LINEAR LINEAR LINEAR LINEAR
LINEAR LINEAR LINEAR LINEAR LINEAR LINEAR LINEAR</Name_array><technique_common><accessor source="#Spine-Interpolations-array" count="18"><param type="name"/></accessor></technique_common></source><sampler id="Spine-Matrix-animation-transform"><input semantic="INPUT" source="#Spine-Matrix-animation-input"/><input semantic="OUTPUT" source="#Spine-Matrix-animation-output-transform"/><input semantic="INTERPOLATION" source="#Spine-Interpolations"/></sampler><channel source="#Spine-Matrix-animation-transform" target="Spine/matrix"/></animation>
    <animation id="Spine1-anim" name="Spine1"><source id="Spine1-Matrix-animation-input"><float_array id="Spine1-Matrix-animation-input-array" count="18">

0.000000 0.033333 0.066667 0.100000 0.133333 0.166667 0.200000 0.233333 0.266667 0.300000 0.333333 0.366667 0.400000 0.433333 0.466667 0.500000
0.533333 0.566667</float_array><technique_common><accessor source="#Spine1-Matrix-animation-input-array" count="18"><param name="TIME" type="float"/></accessor></technique_common></source><source id="Spine1-Matrix-animation-output-transform"><float_array id="Spine1-Matrix-animation-output-transform-array" count="288">

0.999960 0.001524 0.008870 -0.006600 -0.001039 0.998513 -0.054503 12.711700 -0.008940 0.054492 0.998474 -1.491800 0.000000 0.000000 0.000000 1.000000
0.999989 0.004217 -0.002010 -0.006600 -0.004326 0.998334 -0.057538 12.711700 0.001764 0.057546 0.998341 -1.491800 0.000000 0.000000 0.000000 1.000000
0.999761 0.002715 -0.021675 -0.006600 -0.003907 0.998471 -0.055132 12.711700 0.021492 0.055204 0.998244 -1.491800 0.000000 0.000000 0.000000 1.000000
0.999089 0.000193 -0.042668 -0.006600 -0.002326 0.998749 -0.049959 12.711700 0.042605 0.050013 0.997839 -1.491800 0.000000 0.000000 0.000000 1.000000
0.998567 -0.000151 -0.053514 -0.006600 -0.002192 0.999042 -0.043717 12.711700 0.053469 0.043771 0.997610 -1.491800 0.000000 0.000000 0.000000 1.000000
0.998803 0.001800 -0.048871 -0.006600 -0.003657 0.999273 -0.037936 12.711700 0.048767 0.038070 0.998084 -1.491800 0.000000 0.000000 0.000000 1.000000
0.999363 0.003550 -0.035501 -0.006600 -0.004801 0.999368 -0.035209 12.711700 0.035354 0.035357 0.998749 -1.491800 0.000000 0.000000 0.000000 1.000000
0.999708 0.003445 -0.023916 -0.006600 -0.004332 0.999302 -0.037118 12.711700 0.023771 0.037211 0.999025 -1.491800 0.000000 0.000000 0.000000 1.000000
0.999868 0.002692 -0.015996 -0.006600 -0.003360 0.999117 -0.041870 12.711700 0.015869 0.041918 0.998995 -1.491800 0.000000 0.000000 0.000000 1.000000
0.999985 0.003787 -0.004006 -0.006600 -0.003969 0.998919 -0.046312 12.711700 0.003826 0.046328 0.998919 -1.491800 0.000000 0.000000 0.000000 1.000000
0.999816 0.006619 0.018030 -0.006600 -0.005719 0.998755 -0.049551 12.711700 -0.018336 0.049439 0.998609 -1.491800 0.000000 0.000000 0.000000 1.000000
0.998971 0.007834 0.044681 -0.006600 -0.005529 0.998659 -0.051473 12.711700 -0.045024 0.051173 0.997674 -1.491800 0.000000 0.000000 0.000000 1.000000
0.998004 0.005346 0.062924 -0.006600 -0.002214 0.998760 -0.049739 12.711700 -0.063112 0.049500 0.996778 -1.491800 0.000000 0.000000 0.000000 1.000000
0.997909 0.001334 0.064628 -0.006600 0.001483 0.999052 -0.043519 12.711700 -0.064625 0.043523 0.996960 -1.491800 0.000000 0.000000 0.000000 1.000000
0.998593 -0.000734 0.053023 -0.006600 0.002736 0.999286 -0.037681 12.711700 -0.052957 0.037773 0.997882 -1.491800 0.000000 0.000000 0.000000 1.000000
0.999312 -0.000109 0.037089 -0.006600 0.001533 0.999263 -0.038353 12.711700 -0.037058 0.038384 0.998576 -1.491800 0.000000 0.000000 0.000000 1.000000
0.999749 0.001352 0.022382 -0.006600 -0.000327 0.998954 -0.045724 12.711700 -0.022421 0.045705 0.998703 -1.491800 0.000000 0.000000 0.000000 1.000000
0.999960 0.001524 0.008870 -0.006600 -0.001039 0.998513 -0.054503 12.711700 -0.008940 0.054492 0.998474 -1.491800 0.000000 0.000000 0.000000 1.000000</float_array><technique_common><accessor source="#Spine1-Matrix-animation-output-transform-array" count="18" stride="16"><param type="float4x4"/></accessor></technique_common></source><source id="Spine1-Interpolations"><Name_array id="Spine1-Interpolations-array" count="18">
 LINEAR LINEAR LINEAR LINEAR LINEAR LINEAR LINEAR LINEAR LINEAR LINEAR LINEAR
LINEAR LINEAR LINEAR LINEAR LINEAR LINEAR LINEAR</Name_array><technique_common><accessor source="#Spine1-Interpolations-array" count="18"><param type="name"/></accessor></technique_common></source><sampler id="Spine1-Matrix-animation-transform"><input semantic="INPUT" source="#Spine1-Matrix-animation-input"/><input semantic="OUTPUT" source="#Spine1-Matrix-animation-output-transform"/><input semantic="INTERPOLATION" source="#Spine1-Interpolations"/></sampler><channel source="#Spine1-Matrix-animation-transform" target="Spine1/matrix"/></animation>
    <animation id="Spine2-anim" name="Spine2"><source id="Spine2-Matrix-animation-input"><float_array id="Spine2-Matrix-animation-input-array" count="18">

0.000000 0.033333 0.066667 0.100000 0.133333 0.166667 0.200000 0.233333 0.266667 0.300000 0.333333 0.366667 0.400000 0.433333 0.466667 0.500000
0.533333 0.566667</float_array><technique_common><accessor source="#Spine2-Matrix-animation-input-array" count="18"><param name="TIME" type="float"/></accessor></technique_common></source><source id="Spine2-Matrix-animation-output-transform"><float_array id="Spine2-Matrix-animation-output-transform-array" count="288">

0.999962 0.001228 0.008667 -0.007600 -0.000753 0.998512 -0.054528 14.527700 -0.008721 0.054520 0.998475 -1.704900 0.000000 0.000000 0.000000 1.000000
0.999989 0.004147 -0.002340 -0.007600 -0.004275 0.998337 -0.057484 14.527700 0.002097 0.057494 0.998344 -1.704900 0.000000 0.000000 0.000000 1.000000
0.999756 0.003105 -0.021860 -0.007600 -0.004306 0.998471 -0.055105 14.527700 0.021656 0.055186 0.998241 -1.704900 0.000000 0.000000 0.000000 1.000000
0.999090 0.001068 -0.042639 -0.007600 -0.003200 0.998745 -0.049977 14.527700 0.042533 0.050068 0.997840 -1.704900 0.000000 0.000000 0.000000 1.000000
0.998573 0.000922 -0.053394 -0.007600 -0.003261 0.999038 -0.043740 14.527700 0.053302 0.043852 0.997615 -1.704900 0.000000 0.000000 0.000000 1.000000
0.998805 0.002658 -0.048807 -0.007600 -0.004513 0.999270 -0.037931 14.527700 0.048671 0.038106 0.998088 -1.704900 0.000000 0.000000 0.000000 1.000000
0.999359 0.004044 -0.035572 -0.007600 -0.005294 0.999369 -0.035116 14.527700 0.035408 0.035282 0.998750 -1.704900 0.000000 0.000000 0.000000 1.000000
0.999701 0.003752 -0.024157 -0.007600 -0.004643 0.999308 -0.036906 14.527700 0.024001 0.037007 0.999027 -1.704900 0.000000 0.000000 0.000000 1.000000
0.999861 0.002952 -0.016411 -0.007600 -0.003633 0.999127 -0.041615 14.527700 0.016273 0.041669 0.998999 -1.704900 0.000000 0.000000 0.000000 1.000000
0.999982 0.003787 -0.004586 -0.007600 -0.003995 0.998923 -0.046232 14.527700 0.004406 0.046249 0.998920 -1.704900 0.000000 0.000000 0.000000 1.000000
0.999833 0.005932 0.017273 -0.007600 -0.005063 0.998741 -0.049907 14.527700 -0.017548 0.049811 0.998605 -1.704900 0.000000 0.000000 0.000000 1.000000
0.999021 0.006298 0.043786 -0.007600 -0.004005 0.998625 -0.052260 14.527700 -0.044055 0.052034 0.997673 -1.704900 0.000000 0.000000 0.000000 1.000000
0.998066 0.003356 0.062068 -0.007600 -0.000208 0.998717 -0.050646 14.527700 -0.062158 0.050535 0.996786 -1.704900 0.000000 0.000000 0.000000 1.000000
0.997948 -0.000465 0.064024 -0.007600 0.003302 0.999017 -0.044213 14.527700 -0.063941 0.044334 0.996968 -1.704900 0.000000 0.000000 0.000000 1.000000
0.998607 -0.002011 0.052723 -0.007600 0.004020 0.999269 -0.038027 14.527700 -0.052608 0.038186 0.997885 -1.704900 0.000000 0.000000 0.000000 1.000000
0.999316 -0.000966 0.036965 -0.007600 0.002388 0.999258 -0.038446 14.527700 -0.036900 0.038508 0.998577 -1.704900 0.000000 0.000000 0.000000 1.000000
0.999752 0.000751 0.022272 -0.007600 0.000268 0.998953 -0.045744 14.527700 -0.022283 0.045739 0.998705 -1.704900 0.000000 0.000000 0.000000 1.000000
0.999962 0.001228 0.008667 -0.007600 -0.000753 0.998512 -0.054528 14.527700 -0.008721 0.054520 0.998475 -1.704900 0.000000 0.000000 0.000000 1.000000</float_array><technique_common><accessor source="#Spine2-Matrix-animation-output-transform-array" count="18" stride="16"><param type="float4x4"/></accessor></technique_common></source><source id="Spine2-Interpolations"><Name_array id="Spine2-Interpolations-array" count="18">
 LINEAR LINEAR LINEAR LINEAR LINEAR LINEAR LINEAR LINEAR LINEAR LINEAR LINEAR
LINEAR LINEAR LINEAR LINEAR LINEAR LINEAR LINEAR</Name_array><technique_common><accessor source="#Spine2-Interpolations-array" count="18"><param type="name"/></accessor></technique_common></source><sampler id="Spine2-Matrix-animation-transform"><input semantic="INPUT" source="#Spine2-Matrix-animation-input"/><input semantic="OUTPUT" source="#Spine2-Matrix-animation-output-transform"/><input semantic="INTERPOLATION" source="#Spine2-Interpolations"/></sampler><channel source="#Spine2-Matrix-animation-transform" target="Spine2/matrix"/></animation>
    <animation id="Neck-anim" name="Neck"><source id="Neck-Matrix-animation-input"><float_array id="Neck-Matrix-animation-input-array" count="18">

0.000000 0.033333 0.066667 0.100000 0.133333 0.166667 0.200000 0.233333 0.266667 0.300000 0.333333 0.366667 0.400000 0.433333 0.466667 0.500000
0.533333 0.566667</float_array><technique_common><accessor source="#Neck-Matrix-animation-input-array" count="18"><param name="TIME" type="float"/></accessor></technique_common></source><source id="Neck-Matrix-animation-output-transform"><float_array id="Neck-Matrix-animation-output-transform-array" count="288">

0.999704 0.011217 0.021576 -0.008500 -0.012904 0.996732 0.079743 16.343599 -0.020611 -0.079998 0.996582 -1.918000 0.000000 0.000000 0.000000 1.000000
0.999523 0.010501 0.029029 -0.008500 -0.012564 0.997339 0.071817 16.343599 -0.028197 -0.072148 0.996995 -1.918000 0.000000 0.000000 0.000000 1.000000
0.999205 0.011923 0.038034 -0.008500 -0.014148 0.998171 0.058780 16.343599 -0.037264 -0.059272 0.997546 -1.918000 0.000000 0.000000 0.000000 1.000000
0.998769 0.015387 0.047163 -0.008500 -0.017573 0.998773 0.046304 16.343599 -0.046392 -0.047076 0.997813 -1.918000 0.000000 0.000000 0.000000 1.000000
0.998327 0.019859 0.054294 -0.008500 -0.022061 0.998945 0.040267 16.343599 -0.053437 -0.041397 0.997713 -1.918000 0.000000 0.000000 0.000000 1.000000
0.998064 0.023176 0.057708 -0.008500 -0.025658 0.998761 0.042648 16.343599 -0.056648 -0.044046 0.997422 -1.918000 0.000000 0.000000 0.000000 1.000000
0.998143 0.022014 0.056803 -0.008500 -0.024908 0.998401 0.050744 16.343599 -0.055595 -0.052065 0.997095 -1.918000 0.000000 0.000000 0.000000 1.000000
0.998547 0.014405 0.051932 -0.008500 -0.017544 0.998013 0.060511 16.343599 -0.050957 -0.061334 0.996816 -1.918000 0.000000 0.000000 0.000000 1.000000
0.999025 0.003210 0.044040 -0.008500 -0.006254 0.997586 0.069165 16.343599 -0.043712 -0.069373 0.996633 -1.918000 0.000000 0.000000 0.000000 1.000000
0.999401 -0.005525 0.034165 -0.008500 0.002958 0.997199 0.074732 16.343599 -0.034482 -0.074586 0.996618 -1.918000 0.000000 0.000000 0.000000 1.000000
0.999698 -0.008752 0.022943 -0.008500 0.006994 0.997111 0.075630 16.343599 -0.023539 -0.075447 0.996872 -1.918000 0.000000 0.000000 0.000000 1.000000
0.999897 -0.009341 0.010891 -0.008500 0.008530 0.997344 0.072328 16.343599 -0.011538 -0.072228 0.997321 -1.918000 0.000000 0.000000 0.000000 1.000000
0.999934 -0.011437 -0.000458 -0.008500 0.011442 0.997591 0.068421 16.343599 -0.000326 -0.068422 0.997656 -1.918000 0.000000 0.000000 0.000000 1.000000
0.999873 -0.013834 -0.007962 -0.008500 0.014348 0.997545 0.068537 16.343599 0.006994 -0.068643 0.997617 -1.918000 0.000000 0.000000 0.000000 1.000000
0.999902 -0.011152 -0.008488 -0.008500 0.011750 0.997189 0.073995 16.343599 0.007639 -0.074088 0.997222 -1.918000 0.000000 0.000000 0.000000 1.000000
0.999996 -0.002219 -0.001715 -0.008500 0.002350 0.996728 0.080795 16.343599 0.001530 -0.080799 0.996729 -1.918000 0.000000 0.000000 0.000000 1.000000
0.999928 0.007326 0.009457 -0.008500 -0.008091 0.996471 0.083543 16.343599 -0.008812 -0.083614 0.996459 -1.918000 0.000000 0.000000 0.000000 1.000000
0.999704 0.011217 0.021576 -0.008500 -0.012904 0.996732 0.079743 16.343599 -0.020611 -0.079998 0.996582 -1.918000 0.000000 0.000000 0.000000 1.000000</float_array><technique_common><accessor source="#Neck-Matrix-animation-output-transform-array" count="18" stride="16"><param type="float4x4"/></accessor></technique_common></source><source id="Neck-Interpolations"><Name_array id="Neck-Interpolations-array" count="18">
 LINEAR LINEAR LINEAR LINEAR LINEAR LINEAR LINEAR LINEAR LINEAR LINEAR LINEAR
LINEAR LINEAR LINEAR LINEAR LINEAR LINEAR LINEAR</Name_array><technique_common><accessor source="#Neck-Interpolations-array" count="18"><param type="name"/></accessor></technique_common></source><sampler id="Neck-Matrix-animation-transform"><input semantic="INPUT" source="#Neck-Matrix-animation-input"/><input semantic="OUTPUT" source="#Neck-Matrix-animation-output-transform"/><input semantic="INTERPOLATION" source="#Neck-Interpolations"/></sampler><channel source="#Neck-Matrix-animation-transform" target="Neck/matrix"/></animation>
    <animation id="Head-anim" name="Head"><source id="Head-Matrix-animation-input"><float_array id="Head-Matrix-animation-input-array" count="18">

0.000000 0.033333 0.066667 0.100000 0.133333 0.166667 0.200000 0.233333 0.266667 0.300000 0.333333 0.366667 0.400000 0.433333 0.466667 0.500000
0.533333 0.566667</float_array><technique_common><accessor source="#Head-Matrix-animation-input-array" count="18"><param name="TIME" type="float"/></accessor></technique_common></source><source id="Head-Matrix-animation-output-transform"><float_array id="Head-Matrix-animation-output-transform-array" count="288">

0.999430 0.033648 -0.002801 0.000000 -0.033021 0.991376 0.126823 7.472600 0.007044 -0.126658 0.991921 1.897700 0.000000 0.000000 0.000000 1.000000
0.997853 0.027002 0.059666 -0.000000 -0.033118 0.994023 0.104026 7.472600 -0.056501 -0.105779 0.992783 1.897700 0.000000 0.000000 0.000000 1.000000
0.989955 0.042055 0.134982 -0.000000 -0.052656 0.995721 0.075946 7.472600 -0.131210 -0.082291 0.987933 1.897700 0.000000 0.000000 0.000000 1.000000
0.976270 0.063559 0.207018 0.000000 -0.076073 0.995690 0.053054 7.472600 -0.202754 -0.067544 0.976897 1.897700 0.000000 0.000000 0.000000 1.000000
0.963057 0.072794 0.259271 0.000000 -0.088116 0.994955 0.047957 7.472600 -0.254472 -0.069031 0.964613 1.897700 0.000000 0.000000 0.000000 1.000000
0.956266 0.066105 0.284932 -0.000000 -0.086817 0.994375 0.060669 7.472600 -0.279318 -0.082753 0.956626 1.897700 0.000000 0.000000 0.000000 1.000000
0.956140 0.056362 0.287436 0.000000 -0.082384 0.993445 0.079246 7.472600 -0.281086 -0.099450 0.954516 1.897700 0.000000 0.000000 0.000000 1.000000
0.961030 0.052633 0.271388 0.000000 -0.082149 0.991734 0.098566 7.472600 -0.263957 -0.117019 0.957410 1.897700 0.000000 0.000000 0.000000 1.000000
0.970756 0.049820 0.234844 0.000000 -0.080661 0.989048 0.123603 7.472600 -0.226114 -0.138931 0.964142 1.897700 0.000000 0.000000 0.000000 1.000000
0.984220 0.040506 0.172253 0.000000 -0.067067 0.986211 0.151292 7.472600 -0.163749 -0.160457 0.973365 1.897700 0.000000 0.000000 0.000000 1.000000
0.995976 0.027253 0.085380 -0.000000 -0.041087 0.985484 0.164719 7.472600 -0.079652 -0.167564 0.982638 1.897700 0.000000 0.000000 0.000000 1.000000
0.999772 0.017999 -0.011494 0.000000 -0.016017 0.987954 0.153917 7.472600 0.014126 -0.153697 0.988017 1.897700 0.000000 0.000000 0.000000 1.000000
0.995044 0.016057 -0.098130 0.000000 -0.003121 0.991433 0.130576 7.472600 0.099386 -0.129622 0.986570 1.897700 0.000000 0.000000 0.000000 1.000000
0.987262 0.019546 -0.157898 0.000000 -0.001470 0.993503 0.113792 7.472600 0.159096 -0.112111 0.980877 1.897700 0.000000 0.000000 0.000000 1.000000
0.983265 0.025532 -0.180383 0.000000 -0.005401 0.993781 0.111223 7.472600 0.182101 -0.108388 0.977288 1.897700 0.000000 0.000000 0.000000 1.000000
0.986690 0.031152 -0.159603 -0.000000 -0.012250 0.992930 0.118071 7.472600 0.162153 -0.114544 0.980095 1.897700 0.000000 0.000000 0.000000 1.000000
0.994688 0.034060 -0.097134 0.000000 -0.021693 0.991838 0.125646 7.472600 0.100621 -0.122872 0.987308 1.897700 0.000000 0.000000 0.000000 1.000000
0.999430 0.033648 -0.002801 0.000000 -0.033021 0.991376 0.126823 7.472600 0.007044 -0.126658 0.991921 1.897700 0.000000 0.000000 0.000000 1.000000</float_array><technique_common><accessor source="#Head-Matrix-animation-output-transform-array" count="18" stride="16"><param type="float4x4"/></accessor></technique_common></source><source id="Head-Interpolations"><Name_array id="Head-Interpolations-array" count="18">
 LINEAR LINEAR LINEAR LINEAR LINEAR LINEAR LINEAR LINEAR LINEAR LINEAR LINEAR
LINEAR LINEAR LINEAR LINEAR LINEAR LINEAR LINEAR</Name_array><technique_common><accessor source="#Head-Interpolations-array" count="18"><param type="name"/></accessor></technique_common></source><sampler id="Head-Matrix-animation-transform"><input semantic="INPUT" source="#Head-Matrix-animation-input"/><input semantic="OUTPUT" source="#Head-Matrix-animation-output-transform"/><input semantic="INTERPOLATION" source="#Head-Interpolations"/></sampler><channel source="#Head-Matrix-animation-transform" target="Head/matrix"/></animation>
    <animation id="LeftShoulder-anim" name="LeftShoulder"><source id="LeftShoulder-Matrix-animation-input"><float_array id="LeftShoulder-Matrix-animation-input-array" count="18">

0.000000 0.033333 0.066667 0.100000 0.133333 0.166667 0.200000 0.233333 0.266667 0.300000 0.333333 0.366667 0.400000 0.433333 0.466667 0.500000
0.533333 0.566667</float_array><technique_common><accessor source="#LeftShoulder-Matrix-animation-input-array" count="18"><param name="TIME" type="float"/></accessor></technique_common></source><source id="LeftShoulder-Matrix-animation-output-transform"><float_array id="LeftShoulder-Matrix-animation-output-transform-array" count="288">

0.991024 0.132243 0.019592 5.550700 -0.132093 0.991199 -0.008742 13.775400 -0.020575 0.006076 0.999770 -1.926500 0.000000 0.000000 0.000000 1.000000
0.991665 0.128820 -0.002600 5.550700 -0.128838 0.991625 -0.009004 13.775400 0.001418 0.009264 0.999956 -1.926500 0.000000 0.000000 0.000000 1.000000
0.992163 0.121835 -0.027713 5.550700 -0.122133 0.992470 -0.009335 13.775400 0.026367 0.012647 0.999572 -1.926500 0.000000 0.000000 0.000000 1.000000
0.992553 0.114145 -0.042533 5.550700 -0.114651 0.993359 -0.009658 13.775400 0.041148 0.014462 0.999048 -1.926500 0.000000 0.000000 0.000000 1.000000
0.992848 0.113378 -0.037389 5.550700 -0.113805 0.993458 -0.009495 13.775400 0.036068 0.013683 0.999256 -1.926500 0.000000 0.000000 0.000000 1.000000
0.991752 0.126861 -0.018280 5.550700 -0.127044 0.991854 -0.009218 13.775400 0.016962 0.011464 0.999790 -1.926500 0.000000 0.000000 0.000000 1.000000
0.988271 0.152706 -0.000929 5.550700 -0.152707 0.988223 -0.009806 13.775400 -0.000580 0.009833 0.999951 -1.926500 0.000000 0.000000 0.000000 1.000000
0.983879 0.178615 0.008892 5.550700 -0.178518 0.983878 -0.010748 13.775400 -0.010668 0.008988 0.999903 -1.926500 0.000000 0.000000 0.000000 1.000000
0.981455 0.190645 0.020011 5.550700 -0.190451 0.981633 -0.011219 13.775400 -0.021782 0.007200 0.999737 -1.926500 0.000000 0.000000 0.000000 1.000000
0.982748 0.180773 0.039082 5.550700 -0.180479 0.983518 -0.010944 13.775400 -0.040416 0.003702 0.999176 -1.926500 0.000000 0.000000 0.000000 1.000000
0.987184 0.148159 0.059298 5.550700 -0.147880 0.988964 -0.009082 13.775400 -0.059989 0.000197 0.998199 -1.926500 0.000000 0.000000 0.000000 1.000000
0.992433 0.100795 0.070124 5.550700 -0.100646 0.994906 -0.005650 13.775400 -0.070336 -0.001450 0.997522 -1.926500 0.000000 0.000000 0.000000 1.000000
0.995934 0.057475 0.069366 5.550700 -0.057426 0.998346 -0.002702 13.775400 -0.069407 -0.001292 0.997588 -1.926500 0.000000 0.000000 0.000000 1.000000
0.997359 0.040419 0.060335 5.550700 -0.040355 0.999183 -0.002288 13.775400 -0.060378 -0.000153 0.998176 -1.926500 0.000000 0.000000 0.000000 1.000000
0.997319 0.057179 0.045662 5.550700 -0.057040 0.998362 -0.004346 13.775400 -0.045836 0.001730 0.998947 -1.926500 0.000000 0.000000 0.000000 1.000000
0.995325 0.091792 0.030023 5.550700 -0.091629 0.995770 -0.006775 13.775400 -0.030518 0.003992 0.999526 -1.926500 0.000000 0.000000 0.000000 1.000000
0.992454 0.120906 0.020420 5.550700 -0.120762 0.992648 -0.008185 13.775400 -0.021259 0.005658 0.999758 -1.926500 0.000000 0.000000 0.000000 1.000000
0.991024 0.132243 0.019592 5.550700 -0.132093 0.991199 -0.008742 13.775400 -0.020575 0.006076 0.999770 -1.926500 0.000000 0.000000 0.000000 1.000000</float_array><technique_common><accessor source="#LeftShoulder-Matrix-animation-output-transform-array" count="18" stride="16"><param type="float4x4"/></accessor></technique_common></source><source id="LeftShoulder-Interpolations"><Name_array id="LeftShoulder-Interpolations-array" count="18">
 LINEAR LINEAR LINEAR LINEAR LINEAR LINEAR LINEAR LINEAR LINEAR LINEAR LINEAR
LINEAR LINEAR LINEAR LINEAR LINEAR LINEAR LINEAR</Name_array><technique_common><accessor source="#LeftShoulder-Interpolations-array" count="18"><param type="name"/></accessor></technique_common></source><sampler id="LeftShoulder-Matrix-animation-transform"><input semantic="INPUT" source="#LeftShoulder-Matrix-animation-input"/><input semantic="OUTPUT" source="#LeftShoulder-Matrix-animation-output-transform"/><input semantic="INTERPOLATION" source="#LeftShoulder-Interpolations"/></sampler><channel source="#LeftShoulder-Matrix-animation-transform" target="LeftShoulder/matrix"/></animation>
    <animation id="LeftArm-anim" name="LeftArm"><source id="LeftArm-Matrix-animation-input"><float_array id="LeftArm-Matrix-animation-input-array" count="18">

0.000000 0.033333 0.066667 0.100000 0.133333 0.166667 0.200000 0.233333 0.266667 0.300000 0.333333 0.366667 0.400000 0.433333 0.466667 0.500000
0.533333 0.566667</float_array><technique_common><accessor source="#LeftArm-Matrix-animation-input-array" count="18"><param name="TIME" type="float"/></accessor></technique_common></source><source id="LeftArm-Matrix-animation-output-transform"><float_array id="LeftArm-Matrix-animation-output-transform-array" count="288">

0.601445 0.711457 -0.363445 11.839400 -0.797910 0.512136 -0.317892 -3.135400 -0.040033 0.481192 0.875701 -0.017100 0.000000 0.000000 0.000000 1.000000
0.603799 0.651310 -0.459589 11.839400 -0.764641 0.636170 -0.103015 -3.135400 0.225282 0.413621 0.882137 -0.017100 0.000000 0.000000 0.000000 1.000000
0.617507 0.599951 -0.508669 11.839400 -0.661967 0.745681 0.075889 -3.135400 0.424835 0.289860 0.857611 -0.017100 0.000000 0.000000 0.000000 1.000000
0.672121 0.536539 -0.510274 11.839400 -0.500345 0.837106 0.221151 -3.135400 0.545810 0.106673 0.831091 -0.017100 0.000000 0.000000 0.000000 1.000000
0.741168 0.468298 -0.481006 11.839400 -0.343029 0.880093 0.328278 -3.135400 0.577063 -0.078310 0.812937 -0.017100 0.000000 0.000000 0.000000 1.000000
0.784313 0.444728 -0.432516 11.839400 -0.286924 0.878193 0.382689 -3.135400 0.550025 -0.176049 0.816382 -0.017100 0.000000 0.000000 0.000000 1.000000
0.791041 0.493591 -0.361417 11.839400 -0.376515 0.858443 0.348299 -3.135400 0.482173 -0.139440 0.864908 -0.017100 0.000000 0.000000 0.000000 1.000000
0.757410 0.589369 -0.281024 11.839400 -0.557673 0.807775 0.191052 -3.135400 0.339604 0.012015 0.940492 -0.017100 0.000000 0.000000 0.000000 1.000000
0.684804 0.691911 -0.228699 11.839400 -0.718582 0.693340 -0.054033 -3.135400 0.121180 0.201341 0.971996 -0.017100 0.000000 0.000000 0.000000 1.000000
0.603760 0.764827 -0.224753 11.839400 -0.788668 0.532034 -0.308129 -3.135400 -0.116089 0.363291 0.924415 -0.017100 0.000000 0.000000 0.000000 1.000000
0.546622 0.801494 -0.242511 11.839400 -0.762682 0.356959 -0.539349 -3.135400 -0.345719 0.479778 0.806407 -0.017100 0.000000 0.000000 0.000000 1.000000
0.515646 0.822670 -0.239424 11.839400 -0.663028 0.206140 -0.719653 -3.135400 -0.542682 0.529831 0.651748 -0.017100 0.000000 0.000000 0.000000 1.000000
0.511207 0.839546 -0.183930 11.839400 -0.541407 0.148361 -0.827567 -3.135400 -0.667493 0.522639 0.530379 -0.017100 0.000000 0.000000 0.000000 1.000000
0.523843 0.846609 -0.094024 11.839400 -0.466298 0.192635 -0.863399 -3.135400 -0.712850 0.496129 0.495683 -0.017100 0.000000 0.000000 0.000000 1.000000
0.548337 0.835516 -0.035214 11.839400 -0.484344 0.282977 -0.827850 -3.135400 -0.681717 0.470996 0.559843 -0.017100 0.000000 0.000000 0.000000 1.000000
0.589068 0.805696 -0.062079 11.839400 -0.586786 0.373666 -0.718371 -3.135400 -0.555591 0.459596 0.692885 -0.017100 0.000000 0.000000 0.000000 1.000000
0.621623 0.761214 -0.184765 11.839400 -0.711674 0.450285 -0.539225 -3.135400 -0.327269 0.466687 0.821644 -0.017100 0.000000 0.000000 0.000000 1.000000
0.601445 0.711457 -0.363445 11.839400 -0.797910 0.512136 -0.317892 -3.135400 -0.040033 0.481192 0.875701 -0.017100 0.000000 0.000000 0.000000 1.000000</float_array><technique_common><accessor source="#LeftArm-Matrix-animation-output-transform-array" count="18" stride="16"><param type="float4x4"/></accessor></technique_common></source><source id="LeftArm-Interpolations"><Name_array id="LeftArm-Interpolations-array" count="18">
 LINEAR LINEAR LINEAR LINEAR LINEAR LINEAR LINEAR LINEAR LINEAR LINEAR LINEAR
LINEAR LINEAR LINEAR LINEAR LINEAR LINEAR LINEAR</Name_array><technique_common><accessor source="#LeftArm-Interpolations-array" count="18"><param type="name"/></accessor></technique_common></source><sampler id="LeftArm-Matrix-animation-transform"><input semantic="INPUT" source="#LeftArm-Matrix-animation-input"/><input semantic="OUTPUT" source="#LeftArm-Matrix-animation-output-transform"/><input semantic="INTERPOLATION" source="#LeftArm-Interpolations"/></sampler><channel source="#LeftArm-Matrix-animation-transform" target="LeftArm/matrix"/></animation>
    <animation id="LeftForeArm-anim" name="LeftForeArm"><source id="LeftForeArm-Matrix-animation-input"><float_array id="LeftForeArm-Matrix-animation-input-array" count="18">

0.000000 0.033333 0.066667 0.100000 0.133333 0.166667 0.200000 0.233333 0.266667 0.300000 0.333333 0.366667 0.400000 0.433333 0.466667 0.500000
0.533333 0.566667</float_array><technique_common><accessor source="#LeftForeArm-Matrix-animation-input-array" count="18"><param name="TIME" type="float"/></accessor></technique_common></source><source id="LeftForeArm-Matrix-animation-output-transform"><float_array id="LeftForeArm-Matrix-animation-output-transform-array" count="288">

0.203692 -0.020721 -0.978816 29.161200 0.003795 0.999785 -0.020375 0.594900 0.979028 0.000436 0.203727 -2.065900 0.000000 0.000000 0.000000 1.000000
0.204352 -0.020721 -0.978678 29.161200 0.003808 0.999785 -0.020373 0.594900 0.978890 0.000436 0.204387 -2.065900 0.000000 0.000000 0.000000 1.000000
0.159760 -0.020723 -0.986938 29.161200 0.002896 0.999785 -0.020524 0.594900 0.987152 0.000420 0.159786 -2.065900 0.000000 0.000000 0.000000 1.000000
0.068299 -0.020728 -0.997450 29.161200 0.001030 0.999785 -0.020707 0.594900 0.997664 0.000387 0.068306 -2.065900 0.000000 0.000000 0.000000 1.000000
-0.041866 -0.020731 -0.998908 29.161200 -0.001216 0.999785 -0.020698 0.594900 0.999123 0.000348 -0.041882 -2.065900 0.000000 0.000000 0.000000 1.000000
-0.110122 -0.020724 -0.993702 29.161200 -0.002604 0.999785 -0.020563 0.594900 0.993915 0.000324 -0.110153 -2.065900 0.000000 0.000000 0.000000 1.000000
-0.078585 -0.020725 -0.996692 29.161200 -0.001963 0.999785 -0.020635 0.594900 0.996905 0.000335 -0.078609 -2.065900 0.000000 0.000000 0.000000 1.000000
0.061736 -0.020729 -0.997877 29.161200 0.000896 0.999785 -0.020713 0.594900 0.998092 0.000385 0.061742 -2.065900 0.000000 0.000000 0.000000 1.000000
0.242843 -0.020717 -0.969844 29.161200 0.004596 0.999785 -0.020206 0.594900 0.970055 0.000450 0.242886 -2.065900 0.000000 0.000000 0.000000 1.000000
0.365279 -0.020704 -0.930668 29.161200 0.007105 0.999786 -0.019453 0.594900 0.930871 0.000493 0.365348 -2.065900 0.000000 0.000000 0.000000 1.000000
0.384213 -0.020701 -0.923012 29.161200 0.007493 0.999786 -0.019303 0.594900 0.923214 0.000500 0.384286 -2.065900 0.000000 0.000000 0.000000 1.000000
0.318021 -0.020709 -0.947857 29.161200 0.006136 0.999785 -0.019785 0.594900 0.948064 0.000476 0.318080 -2.065900 0.000000 0.000000 0.000000 1.000000
0.212718 -0.020720 -0.976894 29.161200 0.003979 0.999785 -0.020339 0.594900 0.977106 0.000439 0.212754 -2.065900 0.000000 0.000000 0.000000 1.000000
0.119677 -0.020726 -0.992597 29.161200 0.002078 0.999785 -0.020625 0.594900 0.992811 0.000406 0.119694 -2.065900 0.000000 0.000000 0.000000 1.000000
0.078652 -0.020727 -0.996687 29.161200 0.001241 0.999785 -0.020694 0.594900 0.996901 0.000391 0.078660 -2.065900 0.000000 0.000000 0.000000 1.000000
0.098010 -0.020727 -0.994970 29.161200 0.001636 0.999785 -0.020666 0.594900 0.995184 0.000398 0.098022 -2.065900 0.000000 0.000000 0.000000 1.000000
0.151832 -0.020724 -0.988189 29.161200 0.002735 0.999785 -0.020547 0.594900 0.988403 0.000417 0.151856 -2.065900 0.000000 0.000000 0.000000 1.000000
0.203692 -0.020720 -0.978816 29.161200 0.003795 0.999785 -0.020374 0.594900 0.979028 0.000436 0.203727 -2.065900 0.000000 0.000000 0.000000 1.000000</float_array><technique_common><accessor source="#LeftForeArm-Matrix-animation-output-transform-array" count="18" stride="16"><param type="float4x4"/></accessor></technique_common></source><source id="LeftForeArm-Interpolations"><Name_array id="LeftForeArm-Interpolations-array" count="18">
 LINEAR LINEAR LINEAR LINEAR LINEAR LINEAR LINEAR LINEAR LINEAR LINEAR LINEAR
LINEAR LINEAR LINEAR LINEAR LINEAR LINEAR LINEAR</Name_array><technique_common><accessor source="#LeftForeArm-Interpolations-array" count="18"><param type="name"/></accessor></technique_common></source><sampler id="LeftForeArm-Matrix-animation-transform"><input semantic="INPUT" source="#LeftForeArm-Matrix-animation-input"/><input semantic="OUTPUT" source="#LeftForeArm-Matrix-animation-output-transform"/><input semantic="INTERPOLATION" source="#LeftForeArm-Interpolations"/></sampler><channel source="#LeftForeArm-Matrix-animation-transform" target="LeftForeArm/matrix"/></animation>
    <animation id="LeftHand-anim" name="LeftHand"><source id="LeftHand-Matrix-animation-input"><float_array id="LeftHand-Matrix-animation-input-array" count="18">

0.000000 0.033333 0.066667 0.100000 0.133333 0.166667 0.200000 0.233333 0.266667 0.300000 0.333333 0.366667 0.400000 0.433333 0.466667 0.500000
0.533333 0.566667</float_array><technique_common><accessor source="#LeftHand-Matrix-animation-input-array" count="18"><param name="TIME" type="float"/></accessor></technique_common></source><source id="LeftHand-Matrix-animation-output-transform"><float_array id="LeftHand-Matrix-animation-output-transform-array" count="288">

0.639208 -0.318142 -0.700142 29.664900 0.667256 0.682068 0.299254 0.000000 0.382339 -0.658460 0.648265 0.000000 0.000000 0.000000 0.000000 1.000000
0.624350 -0.327637 -0.709113 29.664900 0.642861 0.731209 0.228172 -0.000000 0.443752 -0.598320 0.667156 -0.000000 0.000000 0.000000 0.000000 1.000000
0.624154 -0.347675 -0.699681 29.664900 0.617950 0.767665 0.169788 -0.000000 0.478090 -0.538342 0.693987 0.000000 0.000000 0.000000 0.000000 1.000000
0.638412 -0.367238 -0.676436 29.664900 0.603453 0.784341 0.143711 0.000000 0.477781 -0.499945 0.722344 -0.000000 0.000000 0.000000 0.000000 1.000000
0.662730 -0.376195 -0.647508 29.664900 0.599829 0.784323 0.158249 0.000000 0.448322 -0.493270 0.745447 0.000000 0.000000 0.000000 0.000000 1.000000
