<?xml version="1.0" encoding="utf-8"?>
<COLLADA xmlns="http://www.collada.org/2005/11/COLLADASchema" version="1.4.1">
  <asset><contributor><author>Mixamo</author><authoring_tool>COLLADA Mixamo exporter</authoring_tool><comments></comments></contributor><created>2019-07-22T16:35:33Z</created><modified>2019-07-22T16:35:33Z</modified><revision></revision><title></title><unit meter="0.010000"/><up_axis>Y_UP</up_axis></asset>
  <library_animations>
    <animation id="Hips-anim" name="Hips"><source id="Hips-Matrix-animation-input"><float_array id="Hips-Matrix-animation-input-array" count="81">

0.000000 0.033333 0.066667 0.100000 0.133333 0.166667 0.200000 0.233333 0.266667 0.300000 0.333333 0.366667 0.400000 0.433333 0.466667 0.500000
0.533333 0.566667 0.600000 0.633333 0.666667 0.700000 0.733333 0.766667 0.800000 0.833333 0.866667 0.900000 0.933333 0.966667 1.000000 1.033333
1.066667 1.100000 1.133333 1.166667 1.200000 1.233333 1.266667 1.300000 1.333333 1.366667 1.400000 1.433333 1.466667 1.500000 1.533333 1.566667
1.600000 1.633333 1.666667 1.700000 1.733333 1.766667 1.800000 1.833333 1.866667 1.900000 1.933333 1.966667 2.000000 2.033333 2.066667 2.100000
2.133333 2.166667 2.200000 2.233333 2.266667 2.300000 2.333333 2.366667 2.400000 2.433333 2.466667 2.500000 2.533333 2.566667 2.600000 2.633333
2.666667</float_array><technique_common><accessor source="#Hips-Matrix-animation-input-array" count="81"><param name="TIME" type="float"/></accessor></technique_common></source><source id="Hips-Matrix-animation-output-transform"><float_array id="Hips-Matrix-animation-output-transform-array" count="1296">

0.999840 0.017909 0.000167 -0.027773 -0.017910 0.999830 0.004401 98.985046 -0.000088 -0.004403 0.999990 1.198485 0.000000 0.000000 0.000000 1.000000
0.999848 0.015898 0.007106 -0.133089 -0.015905 0.999873 0.000898 99.045967 -0.007091 -0.001011 0.999974 1.181382 0.000000 0.000000 0.000000 1.000000
0.999812 0.014648 0.012731 -0.427880 -0.014618 0.999890 -0.002505 99.239235 -0.012766 0.002318 0.999916 1.087196 0.000000 0.000000 0.000000 1.000000
0.999754 0.014205 0.017029 -0.894871 -0.014113 0.999885 -0.005508 99.531227 -0.017105 0.005266 0.999840 0.915277 0.000000 0.000000 0.000000 1.000000
0.999741 0.013647 0.018200 -1.523029 -0.013482 0.999867 -0.009198 99.879379 -0.018323 0.008950 0.999792 0.674790 0.000000 0.000000 0.000000 1.000000
0.999724 0.012507 0.019903 -2.289391 -0.012232 0.999829 -0.013891 100.237709 -0.020073 0.013643 0.999705 0.369860 0.000000 0.000000 0.000000 1.000000
0.999129 0.012296 0.039883 -3.594784 -0.011523 0.999743 -0.019540 100.731209 -0.040113 0.019063 0.999013 -0.257650 0.000000 0.000000 0.000000 1.000000
0.997366 0.013035 0.071355 -5.470835 -0.011351 0.999649 -0.023950 101.376968 -0.071642 0.023077 0.997163 -1.381026 0.000000 0.000000 0.000000 1.000000
0.994404 0.013327 0.104801 -7.883760 -0.010386 0.999538 -0.028554 102.161690 -0.105133 0.027305 0.994083 -2.935049 0.000000 0.000000 0.000000 1.000000
0.989980 0.015057 0.140405 -10.483349 -0.010491 0.999393 -0.033208 102.713409 -0.140820 0.031403 0.989537 -4.851008 0.000000 0.000000 0.000000 1.000000
0.983744 0.018269 0.178644 -12.856753 -0.011692 0.999217 -0.037800 102.691727 -0.179195 0.035097 0.983187 -7.077563 0.000000 0.000000 0.000000 1.000000
0.975231 0.022533 0.220038 -14.708296 -0.013586 0.999021 -0.042093 102.205208 -0.220771 0.038061 0.974583 -9.273597 0.000000 0.000000 0.000000 1.000000
0.963866 0.027796 0.264933 -16.013981 -0.016054 0.998795 -0.046382 101.630592 -0.265903 0.040453 0.963151 -11.065549 0.000000 0.000000 0.000000 1.000000
0.948819 0.033296 0.314060 -16.014734 -0.018463 0.998574 -0.050085 100.656883 -0.315280 0.041723 0.948081 -12.012409 0.000000 0.000000 0.000000 1.000000
0.929007 0.038826 0.368019 -15.006289 -0.021115 0.998422 -0.052032 99.210876 -0.369458 0.040567 0.928361 -12.466559 0.000000 0.000000 0.000000 1.000000
0.903126 0.046022 0.426902 -14.169125 -0.026429 0.998312 -0.051710 97.987709 -0.428561 0.035418 0.902818 -13.009192 0.000000 0.000000 0.000000 1.000000
0.869429 0.054936 0.490993 -13.802599 -0.034569 0.998127 -0.050465 97.019585 -0.492846 0.026903 0.869700 -13.716118 0.000000 0.000000 0.000000 1.000000
0.826079 0.066644 0.559600 -13.964451 -0.046851 0.997667 -0.049654 95.519196 -0.561603 0.014800 0.827274 -15.026496 0.000000 0.000000 0.000000 1.000000
0.759011 0.084772 0.645535 -14.478351 -0.070079 0.996364 -0.048445 93.285561 -0.647295 -0.008468 0.762193 -16.906305 0.000000 0.000000 0.000000 1.000000
0.687791 0.110932 0.717382 -15.215666 -0.098051 0.993395 -0.059607 90.783386 -0.719256 -0.029343 0.694125 -18.831074 0.000000 0.000000 0.000000 1.000000
0.652978 0.151363 0.742097 -16.147387 -0.127148 0.987828 -0.089605 88.551453 -0.746627 -0.035846 0.664276 -20.564005 0.000000 0.000000 0.000000 1.000000
0.645068 0.208587 0.735105 -17.026846 -0.160043 0.977565 -0.136945 86.649391 -0.747177 -0.029310 0.663978 -22.483803 0.000000 0.000000 0.000000 1.000000
0.644333 0.247652 0.723535 -17.657850 -0.181520 0.968602 -0.169884 85.392159 -0.742890 -0.021874 0.669056 -24.449099 0.000000 0.000000 0.000000 1.000000
0.646194 0.261445 0.716994 -18.122129 -0.191360 0.964984 -0.179409 84.722290 -0.738793 -0.021271 0.673596 -26.263372 0.000000 0.000000 0.000000 1.000000
0.652019 0.266515 0.709817 -18.576096 -0.198412 0.963537 -0.179524 84.281219 -0.731781 -0.023783 0.681125 -27.887684 0.000000 0.000000 0.000000 1.000000
0.662451 0.270922 0.698398 -18.952795 -0.203331 0.962339 -0.180445 84.083519 -0.720982 -0.022470 0.692590 -29.020166 0.000000 0.000000 0.000000 1.000000
0.676391 0.277110 0.682426 -19.185499 -0.204004 0.960762 -0.187933 84.211273 -0.707727 -0.012101 0.706383 -29.351482 0.000000 0.000000 0.000000 1.000000
0.693280 0.280785 0.663719 -19.232668 -0.198294 0.959750 -0.198895 84.888062 -0.692851 0.006278 0.721054 -29.048412 0.000000 0.000000 0.000000 1.000000
0.714200 0.277038 0.642782 -19.099545 -0.185123 0.960399 -0.208239 85.909637 -0.675017 0.029730 0.737203 -28.349882 0.000000 0.000000 0.000000 1.000000
0.740740 0.262377 0.618435 -19.108917 -0.163592 0.963315 -0.212749 86.799210 -0.651568 0.056421 0.756489 -25.778078 0.000000 0.000000 0.000000 1.000000
0.773247 0.236358 0.588407 -19.245457 -0.135304 0.968064 -0.211056 87.740936 -0.619501 0.083584 0.780533 -20.619484 0.000000 0.000000 0.000000 1.000000
0.808805 0.200385 0.552884 -19.424936 -0.106461 0.974513 -0.197459 88.886116 -0.578360 0.100846 0.809524 -13.871636 0.000000 0.000000 0.000000 1.000000
0.857587 0.142412 0.494230 -19.916052 -0.066459 0.983530 -0.168084 90.768349 -0.510027 0.111301 0.852927 -5.136970 0.000000 0.000000 0.000000 1.000000
0.913726 0.079297 0.398518 -20.659618 -0.027765 0.990665 -0.133462 93.982285 -0.405381 0.110883 0.907398 4.398489 0.000000 0.000000 0.000000 1.000000
0.958002 0.024235 0.285736 -21.211945 0.001748 0.995911 -0.090328 98.081139 -0.286756 0.087034 0.954042 12.396312 0.000000 0.000000 0.000000 1.000000
0.987450 -0.035806 0.153817 -21.584839 0.043461 0.997964 -0.046690 102.017731 -0.151832 0.052789 0.986996 20.518909 0.000000 0.000000 0.000000 1.000000
0.937813 -0.134062 -0.320211 -20.163826 0.107391 0.989212 -0.099632 104.303223 0.330113 0.059048 0.942093 38.193207 0.000000 0.000000 0.000000 1.000000
0.616639 -0.236555 -0.750865 -17.223642 0.133345 0.971390 -0.196522 104.293869 0.775871 0.021059 0.630541 53.282585 0.000000 0.000000 0.000000 1.000000
0.382141 -0.197608 -0.902729 -14.709489 0.063970 0.980183 -0.187483 100.008156 0.921887 0.013898 0.387209 65.076164 0.000000 0.000000 0.000000 1.000000
0.225710 -0.206359 -0.952088 -10.735573 -0.054926 0.973057 -0.223925 93.692696 0.972645 0.102837 0.208295 74.885017 0.000000 0.000000 0.000000 1.000000
0.098993 -0.256194 -0.961543 -7.494173 -0.119391 0.956251 -0.267076 87.220306 0.987900 0.141238 0.064075 78.422180 0.000000 0.000000 0.000000 1.000000
0.062102 -0.289248 -0.955238 -4.331043 -0.152803 0.943046 -0.295490 81.881454 0.986303 0.164314 0.014367 81.523979 0.000000 0.000000 0.000000 1.000000
0.049017 -0.312606 -0.948617 -1.200166 -0.175433 0.932299 -0.316294 78.936142 0.983270 0.181922 -0.009143 83.315926 0.000000 0.000000 0.000000 1.000000
0.054366 -0.326161 -0.943750 1.838407 -0.184933 0.925507 -0.330510 77.084938 0.981246 0.192499 -0.010002 83.784462 0.000000 0.000000 0.000000 1.000000
0.063940 -0.335834 -0.939749 4.531140 -0.190774 0.920196 -0.341826 75.963257 0.979549 0.201136 -0.005231 83.585426 0.000000 0.000000 0.000000 1.000000
0.078172 -0.334037 -0.939313 6.125576 -0.189262 0.920089 -0.342952 75.561966 0.978810 0.204586 0.008705 82.475006 0.000000 0.000000 0.000000 1.000000
0.094285 -0.332333 -0.938438 7.573870 -0.187992 0.919735 -0.344597 75.741470 0.977635 0.208909 0.024241 80.974258 0.000000 0.000000 0.000000 1.000000
0.112360 -0.322679 -0.939816 8.739012 -0.180312 0.923482 -0.338628 76.453018 0.977171 0.207508 0.045579 79.121109 0.000000 0.000000 0.000000 1.000000
0.131756 -0.305829 -0.942926 9.112938 -0.165254 0.931131 -0.325094 77.626259 0.977411 0.198655 0.072142 76.748055 0.000000 0.000000 0.000000 1.000000
0.153833 -0.286086 -0.945775 9.105394 -0.146556 0.939975 -0.308170 79.157135 0.977168 0.186016 0.102672 73.895615 0.000000 0.000000 0.000000 1.000000
0.182595 -0.266553 -0.946366 8.972830 -0.129279 0.947682 -0.291867 80.926132 0.974652 0.175639 0.138583 70.723862 0.000000 0.000000 0.000000 1.000000
0.218614 -0.249632 -0.943341 8.691919 -0.116098 0.953204 -0.279147 82.829742 0.968880 0.170545 0.179402 67.370865 0.000000 0.000000 0.000000 1.000000
0.295646 -0.237345 -0.925344 8.283712 -0.105323 0.954641 -0.278510 84.800072 0.949474 0.179801 0.257237 63.870846 0.000000 0.000000 0.000000 1.000000
0.404983 -0.227022 -0.885692 7.503376 -0.093300 0.953367 -0.287030 86.824921 0.909551 0.198878 0.364916 59.248760 0.000000 0.000000 0.000000 1.000000
0.523021 -0.215606 -0.824598 6.270485 -0.078699 0.951126 -0.298606 88.938004 0.848678 0.221072 0.480491 52.578720 0.000000 0.000000 0.000000 1.000000
0.627645 -0.200105 -0.752343 5.097446 -0.062156 0.950435 -0.304647 90.831802 0.776014 0.237973 0.584098 46.598083 0.000000 0.000000 0.000000 1.000000
0.710631 -0.181439 -0.679768 4.001139 -0.044827 0.952536 -0.301107 92.442802 0.702136 0.244447 0.668768 42.142349 0.000000 0.000000 0.000000 1.000000
0.780933 -0.160746 -0.603576 3.030220 -0.029159 0.955882 -0.292300 93.969765 0.623934 0.245866 0.741793 38.345528 0.000000 0.000000 0.000000 1.000000
0.840412 -0.140696 -0.523366 2.184395 -0.013058 0.960176 -0.279092 95.555328 0.541791 0.241387 0.805106 34.737408 0.000000 0.000000 0.000000 1.000000
0.888304 -0.122490 -0.442621 1.482697 0.002352 0.964976 -0.262326 97.103340 0.459251 0.231985 0.857480 31.306618 0.000000 0.000000 0.000000 1.000000
0.924967 -0.105225 -0.365191 1.021077 0.014349 0.969891 -0.243117 98.482269 0.379777 0.219635 0.898627 27.959949 0.000000 0.000000 0.000000 1.000000
0.951634 -0.089086 -0.294035 0.832197 0.022318 0.974555 -0.223036 99.656784 0.306423 0.205686 0.929408 24.573124 0.000000 0.000000 0.000000 1.000000
0.965634 -0.071138 -0.249982 1.024038 0.019884 0.979215 -0.201849 100.398491 0.259145 0.189942 0.946977 21.566603 0.000000 0.000000 0.000000 1.000000
0.975672 -0.057514 -0.211558 1.582780 0.017593 0.982403 -0.185940 100.668068 0.218530 0.177695 0.959515 18.642895 0.000000 0.000000 0.000000 1.000000
0.981700 -0.046493 -0.184671 2.372416 0.014451 0.985131 -0.171193 100.777725 0.189885 0.165392 0.967775 15.836196 0.000000 0.000000 0.000000 1.000000
0.986473 -0.036447 -0.159819 3.238074 0.011205 0.987681 -0.156081 100.674301 0.163539 0.152179 0.974729 13.116030 0.000000 0.000000 0.000000 1.000000
0.990193 -0.025845 -0.137292 4.050031 0.006324 0.990023 -0.140766 100.512634 0.139560 0.138517 0.980477 10.752409 0.000000 0.000000 0.000000 1.000000
0.993027 -0.017337 -0.116604 4.603475 0.002596 0.992102 -0.125403 100.043457 0.117857 0.124226 0.985230 8.669521 0.000000 0.000000 0.000000 1.000000
0.995157 -0.010253 -0.097760 4.795740 -0.000581 0.993914 -0.110156 99.328316 0.098295 0.109680 0.989095 6.683027 0.000000 0.000000 0.000000 1.000000
0.996722 -0.004106 -0.080794 4.811255 -0.003615 0.995453 -0.095187 98.616028 0.080818 0.095167 0.992175 4.485289 0.000000 0.000000 0.000000 1.000000
0.997847 0.000697 -0.065579 4.723806 -0.005997 0.996724 -0.080658 98.080093 0.065308 0.080878 0.994582 2.483002 0.000000 0.000000 0.000000 1.000000
0.998628 0.004802 -0.052149 4.547094 -0.008282 0.997737 -0.066732 97.803833 0.051710 0.067072 0.996407 1.291150 0.000000 0.000000 0.000000 1.000000
0.999143 0.008578 -0.040497 4.262800 -0.010744 0.998506 -0.053572 97.489906 0.039977 0.053961 0.997742 0.614774 0.000000 0.000000 0.000000 1.000000
0.999469 0.011618 -0.030458 3.901025 -0.012873 0.999062 -0.041341 97.260742 0.029950 0.041711 0.998681 0.103637 0.000000 0.000000 0.000000 1.000000
0.999662 0.013899 -0.021952 3.472856 -0.014559 0.999438 -0.030203 97.144974 0.021520 0.030513 0.999303 -0.252526 0.000000 0.000000 0.000000 1.000000
0.999766 0.015634 -0.014938 2.992047 -0.015936 0.999666 -0.020324 97.119072 0.014616 0.020558 0.999682 -0.429625 0.000000 0.000000 0.000000 1.000000
0.999814 0.016844 -0.009344 2.468888 -0.016954 0.999786 -0.011868 97.255112 0.009142 0.012025 0.999886 -0.404966 0.000000 0.000000 0.000000 1.000000
0.999832 0.017619 -0.005106 1.919576 -0.017645 0.999832 -0.005001 97.564377 0.005017 0.005090 0.999974 -0.207892 0.000000 0.000000 0.000000 1.000000
0.999834 0.018081 -0.002165 1.357441 -0.018081 0.999837 0.000111 97.994171 0.002167 -0.000072 0.999998 0.123100 0.000000 0.000000 0.000000 1.000000
0.999836 0.018107 -0.000424 0.672949 -0.018105 0.999831 0.003301 98.482002 0.000484 -0.003293 0.999994 0.597985 0.000000 0.000000 0.000000 1.000000
0.999840 0.017909 0.000167 -0.027772 -0.017910 0.999830 0.004401 98.985062 -0.000088 -0.004403 0.999990 1.198485 0.000000 0.000000 0.000000 1.000000</float_array><technique_common><accessor source="#Hips-Matrix-animation-output-transform-array" count="81" stride="16"><param type="float4x4"/></accessor></technique_common></source><source id="Hips-Interpolations"><Name_array id="Hips-Interpolations-array" count="81">
 LINEAR LINEAR LINEAR LINEAR LINEAR LINEAR LINEAR LINEAR LINEAR LINEAR LINEAR
LINEAR LINEAR LINEAR LINEAR LINEAR LINEAR LINEAR LINEAR LINEAR LINEAR LINEAR LINEAR
LINEAR LINEAR LINEAR LINEAR LINEAR LINEAR LINEAR LINEAR LINEAR LINEAR LINEAR LINEAR
LINEAR LINEAR LINEAR LINEAR LINEAR LINEAR LINEAR LINEAR LINEAR LINEAR LINEAR LINEAR
LINEAR LINEAR LINEAR LINEAR LINEAR LINEAR LINEAR LINEAR LINEAR LINEAR LINEAR LINEAR
LINEAR LINEAR LINEAR LINEAR LINEAR LINEAR LINEAR LINEAR LINEAR LINEAR LINEAR LINEAR
LINEAR LINEAR LINEAR LINEAR LINEAR LINEAR LINEAR LINEAR LINEAR LINEAR</Name_array><technique_common><accessor source="#Hips-Interpolations-array" count="81"><param type="name"/></accessor></technique_common></source><sampler id="Hips-Matrix-animation-transform"><input semantic="INPUT" source="#Hips-Matrix-animation-input"/><input semantic="OUTPUT" source="#Hips-Matrix-animation-output-transform"/><input semantic="INTERPOLATION" source="#Hips-Interpolations"/></sampler><channel source="#Hips-Matrix-animation-transform" target="Hips/matrix"/></animation>
    <animation id="Spine-anim" name="Spine"><source id="Spine-Matrix-animation-input"><float_array id="Spine-Matrix-animation-input-array" count="81">

0.000000 0.033333 0.066667 0.100000 0.133333 0.166667 0.200000 0.233333 0.266667 0.300000 0.333333 0.366667 0.400000 0.433333 0.466667 0.500000
0.533333 0.566667 0.600000 0.633333 0.666667 0.700000 0.733333 0.766667 0.800000 0.833333 0.866667 0.900000 0.933333 0.966667 1.000000 1.033333
1.066667 1.100000 1.133333 1.166667 1.200000 1.233333 1.266667 1.300000 1.333333 1.366667 1.400000 1.433333 1.466667 1.500000 1.533333 1.566667
1.600000 1.633333 1.666667 1.700000 1.733333 1.766667 1.800000 1.833333 1.866667 1.900000 1.933333 1.966667 2.000000 2.033333 2.066667 2.100000
2.133333 2.166667 2.200000 2.233333 2.266667 2.300000 2.333333 2.366667 2.400000 2.433333 2.466667 2.500000 2.533333 2.566667 2.600000 2.633333
2.666667</float_array><technique_common><accessor source="#Spine-Matrix-animation-input-array" count="81"><param name="TIME" type="float"/></accessor></technique_common></source><source id="Spine-Matrix-animation-output-transform"><float_array id="Spine-Matrix-animation-output-transform-array" count="1296">

0.999976 -0.005624 0.004011 -0.005700 0.006535 0.958366 -0.285468 10.895800 -0.002238 0.285487 0.958380 -1.278700 0.000000 0.000000 0.000000 1.000000
0.999972 -0.006796 0.003142 -0.005700 0.007409 0.958727 -0.284233 10.895800 -0.001080 0.284248 0.958750 -1.278700 0.000000 0.000000 0.000000 1.000000
0.999952 -0.009765 0.000907 -0.005700 0.009627 0.959680 -0.280930 10.895800 0.001873 0.280926 0.959728 -1.278700 0.000000 0.000000 0.000000 1.000000
0.999902 -0.013821 -0.002106 -0.005700 0.012702 0.961058 -0.276053 10.895800 0.005840 0.275999 0.961140 -1.278700 0.000000 0.000000 0.000000 1.000000
0.999819 -0.018259 -0.005307 -0.005700 0.016147 0.962702 -0.270082 10.895800 0.010041 0.269948 0.962823 -1.278700 0.000000 0.000000 0.000000 1.000000
0.999714 -0.022544 -0.008032 -0.005700 0.019632 0.964461 -0.263497 10.895800 0.013687 0.263263 0.964627 -1.278700 0.000000 0.000000 0.000000 1.000000
0.999616 -0.025967 -0.009625 -0.005700 0.022645 0.966503 -0.255653 10.895800 0.015941 0.255337 0.966721 -1.278700 0.000000 0.000000 0.000000 1.000000
0.999487 -0.029867 -0.011584 -0.005700 0.026143 0.969458 -0.243858 10.895800 0.018514 0.243430 0.969742 -1.278700 0.000000 0.000000 0.000000 1.000000
0.999299 -0.034583 -0.014339 -0.005700 0.030383 0.972931 -0.229091 10.895800 0.021874 0.228494 0.973299 -1.278700 0.000000 0.000000 0.000000 1.000000
0.998999 -0.041427 -0.016871 -0.005700 0.036906 0.976489 -0.212386 10.895800 0.025273 0.211551 0.977040 -1.278700 0.000000 0.000000 0.000000 1.000000
0.998595 -0.049445 -0.019034 -0.005700 0.044803 0.979826 -0.194764 10.895800 0.028280 0.193638 0.980665 -1.278700 0.000000 0.000000 0.000000 1.000000
0.998167 -0.056917 -0.020567 -0.005700 0.052404 0.982869 -0.176698 10.895800 0.030272 0.175296 0.984050 -1.278700 0.000000 0.000000 0.000000 1.000000
0.997796 -0.062853 -0.021294 -0.005700 0.058669 0.985442 -0.159566 10.895800 0.031013 0.157965 0.986958 -1.278700 0.000000 0.000000 0.000000 1.000000
0.997559 -0.066729 -0.020577 -0.005700 0.063131 0.987758 -0.142650 10.895800 0.029844 0.141003 0.989559 -1.278700 0.000000 0.000000 0.000000 1.000000
0.997438 -0.069329 -0.017635 -0.005700 0.066604 0.989955 -0.124714 10.895800 0.026104 0.123220 0.992036 -1.278700 0.000000 0.000000 0.000000 1.000000
0.997394 -0.071006 -0.012787 -0.005700 0.069250 0.991901 -0.106479 10.895800 0.020244 0.105316 0.994233 -1.278700 0.000000 0.000000 0.000000 1.000000
0.997419 -0.071560 -0.005785 -0.005700 0.070760 0.993484 -0.089341 10.895800 0.012140 0.088701 0.995984 -1.278700 0.000000 0.000000 0.000000 1.000000
0.997559 -0.069736 0.003511 -0.005700 0.069799 0.994560 -0.077322 10.895800 0.001900 0.077379 0.997000 -1.278700 0.000000 0.000000 0.000000 1.000000
0.997703 -0.065925 0.015569 -0.005700 0.066881 0.995155 -0.072071 10.895800 -0.010742 0.072947 0.997278 -1.278700 0.000000 0.000000 0.000000 1.000000
0.998194 -0.047258 0.037077 -0.005700 0.050249 0.995166 -0.084373 10.895800 -0.032910 0.086083 0.995744 -1.278700 0.000000 0.000000 0.000000 1.000000
0.998350 -0.020702 0.053568 -0.005700 0.025933 0.994762 -0.098875 10.895800 -0.051240 0.100101 0.993657 -1.278700 0.000000 0.000000 0.000000 1.000000
0.996359 0.001246 0.085251 -0.005700 0.007857 0.994296 -0.106369 10.895800 -0.084898 0.106652 0.990665 -1.278700 0.000000 0.000000 0.000000 1.000000
0.993506 0.010424 0.113301 -0.005700 0.001922 0.994115 -0.108314 10.895800 -0.113763 0.107829 0.987639 -1.278700 0.000000 0.000000 0.000000 1.000000
0.992035 0.010075 0.125558 -0.005700 0.004232 0.993567 -0.113166 10.895800 -0.125891 0.112796 0.985611 -1.278700 0.000000 0.000000 0.000000 1.000000
0.991447 0.006086 0.130367 -0.005700 0.009844 0.992579 -0.121203 10.895800 -0.130137 0.121450 0.984030 -1.278700 0.000000 0.000000 0.000000 1.000000
0.991206 0.001434 0.132321 -0.005700 0.015604 0.991698 -0.127635 10.895800 -0.131405 0.128577 0.982955 -1.278700 0.000000 0.000000 0.000000 1.000000
0.990879 -0.003472 0.134709 -0.005700 0.020875 0.991556 -0.127991 10.895800 -0.133127 0.129636 0.982584 -1.278700 0.000000 0.000000 0.000000 1.000000
0.990557 -0.010452 0.136703 -0.005700 0.027350 0.992113 -0.122326 10.895800 -0.134346 0.124910 0.983030 -1.278700 0.000000 0.000000 0.000000 1.000000
0.990534 -0.019835 0.135827 -0.005700 0.035361 0.992980 -0.112870 10.895800 -0.132635 0.116604 0.984282 -1.278700 0.000000 0.000000 0.000000 1.000000
0.989313 -0.021080 0.144275 -0.005700 0.034428 0.995287 -0.090657 10.895800 -0.141684 0.094655 0.985376 -1.278700 0.000000 0.000000 0.000000 1.000000
0.987909 -0.024752 0.153048 -0.005700 0.034868 0.997355 -0.063774 10.895800 -0.151064 0.068339 0.986159 -1.278700 0.000000 0.000000 0.000000 1.000000
0.985594 -0.041663 0.163916 -0.005700 0.047770 0.998297 -0.033492 10.895800 -0.162241 0.040840 0.985906 -1.278700 0.000000 0.000000 0.000000 1.000000
0.982723 -0.077800 0.167935 -0.005700 0.073495 0.996791 0.031707 10.895800 -0.169863 -0.018816 0.985288 -1.278700 0.000000 0.000000 0.000000 1.000000
0.977939 -0.140781 0.154325 -0.005700 0.128895 0.988048 0.084539 10.895800 -0.164382 -0.062782 0.984397 -1.278700 0.000000 0.000000 0.000000 1.000000
0.966592 -0.214830 0.139817 -0.005700 0.209066 0.976362 0.054858 10.895800 -0.148297 -0.023795 0.988657 -1.278700 0.000000 0.000000 0.000000 1.000000
0.963996 -0.233560 0.127126 -0.005700 0.236258 0.971670 -0.006359 10.895800 -0.122039 0.036165 0.991866 -1.278700 0.000000 0.000000 0.000000 1.000000
0.955002 -0.256021 0.149747 -0.005700 0.250266 0.966532 0.056416 10.895800 -0.159179 -0.016401 0.987113 -1.278700 0.000000 0.000000 0.000000 1.000000
0.959377 -0.166417 0.227819 -0.005700 0.184279 0.981080 -0.059364 10.895800 -0.213630 0.098935 0.971892 -1.278700 0.000000 0.000000 0.000000 1.000000
0.986207 -0.061838 0.153532 -0.005700 0.099783 0.962200 -0.253407 10.895800 -0.132058 0.265231 0.955098 -1.278700 0.000000 0.000000 0.000000 1.000000
0.999544 0.024891 0.017086 -0.005700 -0.018365 0.950469 -0.310278 10.895800 -0.023963 0.309823 0.950492 -1.278700 0.000000 0.000000 0.000000 1.000000
0.996980 0.060662 -0.048489 -0.005700 -0.071269 0.962722 -0.260936 10.895800 0.030852 0.263604 0.964138 -1.278700 0.000000 0.000000 0.000000 1.000000
0.993402 0.057980 -0.098948 -0.005700 -0.079341 0.970443 -0.227916 10.895800 0.082808 0.234263 0.968640 -1.278700 0.000000 0.000000 0.000000 1.000000
0.990098 0.053041 -0.129972 -0.005700 -0.079171 0.975557 -0.204987 10.895800 0.115922 0.213247 0.970097 -1.278700 0.000000 0.000000 0.000000 1.000000
0.988420 0.059717 -0.139499 -0.005700 -0.086016 0.977839 -0.190871 10.895800 0.125010 0.200660 0.971652 -1.278700 0.000000 0.000000 0.000000 1.000000
0.987086 0.068797 -0.144667 -0.005700 -0.095096 0.978394 -0.183579 10.895800 0.128911 0.194966 0.972302 -1.278700 0.000000 0.000000 0.000000 1.000000
0.986416 0.071003 -0.148127 -0.005700 -0.097674 0.978551 -0.181379 10.895800 0.132072 0.193384 0.972193 -1.278700 0.000000 0.000000 0.000000 1.000000
0.986733 0.074681 -0.144154 -0.005700 -0.100544 0.978251 -0.181426 10.895800 0.127470 0.193513 0.972782 -1.278700 0.000000 0.000000 0.000000 1.000000
0.988438 0.071930 -0.133475 -0.005700 -0.096307 0.977767 -0.186271 10.895800 0.117109 0.196972 0.973390 -1.278700 0.000000 0.000000 0.000000 1.000000
0.990763 0.067860 -0.117408 -0.005700 -0.089250 0.978145 -0.187793 10.895800 0.102098 0.196537 0.975166 -1.278700 0.000000 0.000000 0.000000 1.000000
0.992878 0.063853 -0.100582 -0.005700 -0.081975 0.978773 -0.187842 10.895800 0.086452 0.194749 0.977036 -1.278700 0.000000 0.000000 0.000000 1.000000
0.994485 0.060347 -0.085780 -0.005700 -0.075638 0.979252 -0.187999 10.895800 0.072655 0.193450 0.978416 -1.278700 0.000000 0.000000 0.000000 1.000000
0.995603 0.055188 -0.075689 -0.005700 -0.068622 0.979713 -0.188293 10.895800 0.063762 0.192659 0.979192 -1.278700 0.000000 0.000000 0.000000 1.000000
0.997429 0.036701 -0.061546 -0.005700 -0.047435 0.981931 -0.183199 10.895800 0.053710 0.185647 0.981147 -1.278700 0.000000 0.000000 0.000000 1.000000
0.999167 0.011862 -0.039055 -0.005700 -0.018498 0.984534 -0.174217 10.895800 0.036384 0.174794 0.983933 -1.278700 0.000000 0.000000 0.000000 1.000000
0.999891 -0.000192 -0.014737 -0.005700 -0.002262 0.986070 -0.166318 10.895800 0.014563 0.166333 0.985962 -1.278700 0.000000 0.000000 0.000000 1.000000
0.999662 -0.023681 0.010714 -0.005700 0.025062 0.987474 -0.155778 10.895800 -0.006891 0.155994 0.987734 -1.278700 0.000000 0.000000 0.000000 1.000000
0.998207 -0.051825 0.029935 -0.005700 0.055523 0.988601 -0.139950 10.895800 -0.022341 0.141361 0.989706 -1.278700 0.000000 0.000000 0.000000 1.000000
0.996096 -0.079241 0.038898 -0.005700 0.083414 0.989136 -0.121044 10.895800 -0.028884 0.123816 0.991885 -1.278700 0.000000 0.000000 0.000000 1.000000
0.994848 -0.098577 0.023679 -0.005700 0.100526 0.989440 -0.104414 10.895800 -0.013136 0.106257 0.994252 -1.278700 0.000000 0.000000 0.000000 1.000000
0.993739 -0.111580 0.005765 -0.005700 0.111647 0.989720 -0.089383 10.895800 0.004268 0.089467 0.995981 -1.278700 0.000000 0.000000 0.000000 1.000000
0.992654 -0.120957 -0.002809 -0.005700 0.120354 0.989547 -0.079442 10.895800 0.012388 0.078520 0.996836 -1.278700 0.000000 0.000000 0.000000 1.000000
0.991847 -0.127153 -0.008520 -0.005700 0.126017 0.988548 -0.083021 10.895800 0.018979 0.081271 0.996511 -1.278700 0.000000 0.000000 0.000000 1.000000
0.990893 -0.134132 -0.011791 -0.005700 0.132405 0.986556 -0.095788 10.895800 0.024481 0.093355 0.995332 -1.278700 0.000000 0.000000 0.000000 1.000000
0.990285 -0.138431 -0.013117 -0.005700 0.136278 0.984951 -0.106300 10.895800 0.027635 0.103480 0.994248 -1.278700 0.000000 0.000000 0.000000 1.000000
0.990527 -0.136687 -0.013148 -0.005700 0.134167 0.983746 -0.119344 10.895800 0.029247 0.116449 0.992766 -1.278700 0.000000 0.000000 0.000000 1.000000
0.991284 -0.131128 -0.012683 -0.005700 0.128229 0.982460 -0.135390 10.895800 0.030214 0.132584 0.990711 -1.278700 0.000000 0.000000 0.000000 1.000000
0.992372 -0.122782 -0.011076 -0.005700 0.119621 0.980746 -0.154364 10.895800 0.029816 0.151862 0.987952 -1.278700 0.000000 0.000000 0.000000 1.000000
0.993949 -0.109457 -0.009167 -0.005700 0.106170 0.978780 -0.175265 10.895800 0.028157 0.173231 0.984479 -1.278700 0.000000 0.000000 0.000000 1.000000
0.995604 -0.093400 -0.007033 -0.005700 0.090212 0.976398 -0.196235 10.895800 0.025196 0.194738 0.980532 -1.278700 0.000000 0.000000 0.000000 1.000000
0.997005 -0.077189 -0.004808 -0.005700 0.074346 0.973695 -0.215384 10.895800 0.021306 0.214381 0.976518 -1.278700 0.000000 0.000000 0.000000 1.000000
0.998074 -0.061965 -0.002905 -0.005700 0.059607 0.970960 -0.231697 10.895800 0.017178 0.231077 0.972784 -1.278700 0.000000 0.000000 0.000000 1.000000
0.998801 -0.048940 -0.001224 -0.005700 0.047148 0.968364 -0.245048 10.895800 0.013178 0.244697 0.969510 -1.278700 0.000000 0.000000 0.000000 1.000000
0.999260 -0.038456 0.000341 -0.005700 0.037264 0.966025 -0.255747 10.895800 0.009505 0.255570 0.966744 -1.278700 0.000000 0.000000 0.000000 1.000000
0.999552 -0.029889 0.001591 -0.005700 0.029247 0.964023 -0.264203 10.895800 0.006363 0.264132 0.964466 -1.278700 0.000000 0.000000 0.000000 1.000000
0.999734 -0.022906 0.002512 -0.005700 0.022730 0.962366 -0.270805 10.895800 0.003786 0.270790 0.962631 -1.278700 0.000000 0.000000 0.000000 1.000000
0.999844 -0.017399 0.003199 -0.005700 0.017606 0.961033 -0.275871 10.895800 0.001726 0.275884 0.961189 -1.278700 0.000000 0.000000 0.000000 1.000000
0.999907 -0.013121 0.003664 -0.005700 0.013622 0.960003 -0.279657 10.895800 0.000152 0.279681 0.960093 -1.278700 0.000000 0.000000 0.000000 1.000000
0.999943 -0.009925 0.003951 -0.005700 0.010637 0.959248 -0.282364 10.895800 -0.000987 0.282390 0.959299 -1.278700 0.000000 0.000000 0.000000 1.000000
0.999962 -0.007733 0.004112 -0.005700 0.008583 0.958740 -0.284154 10.895800 -0.001745 0.284178 0.958770 -1.278700 0.000000 0.000000 0.000000 1.000000
0.999972 -0.006276 0.004101 -0.005700 0.007185 0.958455 -0.285153 10.895800 -0.002141 0.285175 0.958473 -1.278700 0.000000 0.000000 0.000000 1.000000
0.999976 -0.005624 0.004011 -0.005700 0.006535 0.958366 -0.285468 10.895800 -0.002238 0.285487 0.958380 -1.278700 0.000000 0.000000 0.000000 1.000000</float_array><technique_common><accessor source="#Spine-Matrix-animation-output-transform-array" count="81" stride="16"><param type="float4x4"/></accessor></technique_common></source><source id="Spine-Interpolations"><Name_array id="Spine-Interpolations-array" count="81">
 LINEAR LINEAR LINEAR LINEAR LINEAR LINEAR LINEAR LINEAR LINEAR LINEAR LINEAR
LINEAR LINEAR LINEAR LINEAR LINEAR LINEAR LINEAR LINEAR LINEAR LINEAR LINEAR LINEAR
LINEAR LINEAR LINEAR LINEAR LINEAR LINEAR LINEAR LINEAR LINEAR LINEAR LINEAR LINEAR
LINEAR LINEAR LINEAR LINEAR LINEAR LINEAR LINEAR LINEAR LINEAR LINEAR LINEAR LINEAR
LINEAR LINEAR LINEAR LINEAR LINEAR LINEAR LINEAR LINEAR LINEAR LINEAR LINEAR LINEAR
LINEAR LINEAR LINEAR LINEAR LINEAR LINEAR LINEAR LINEAR LINEAR LINEAR LINEAR LINEAR
LINEAR LINEAR LINEAR LINEAR LINEAR LINEAR LINEAR LINEAR LINEAR LINEAR</Name_array><technique_common><accessor source="#Spine-Interpolations-array" count="81"><param type="name"/></accessor></technique_common></source><sampler id="Spine-Matrix-animation-transform"><input semantic="INPUT" source="#Spine-Matrix-animation-input"/><input semantic="OUTPUT" source="#Spine-Matrix-animation-output-transform"/><input semantic="INTERPOLATION" source="#Spine-Interpolations"/></sampler><channel source="#Spine-Matrix-animation-transform" target="Spine/matrix"/></animation>
    <animation id="Spine1-anim" name="Spine1"><source id="Spine1-Matrix-animation-input"><float_array id="Spine1-Matrix-animation-input-array" count="81">

0.000000 0.033333 0.066667 0.100000 0.133333 0.166667 0.200000 0.233333 0.266667 0.300000 0.333333 0.366667 0.400000 0.433333 0.466667 0.500000
0.533333 0.566667 0.600000 0.633333 0.666667 0.700000 0.733333 0.766667 0.800000 0.833333 0.866667 0.900000 0.933333 0.966667 1.000000 1.033333
1.066667 1.100000 1.133333 1.166667 1.200000 1.233333 1.266667 1.300000 1.333333 1.366667 1.400000 1.433333 1.466667 1.500000 1.533333 1.566667
1.600000 1.633333 1.666667 1.700000 1.733333 1.766667 1.800000 1.833333 1.866667 1.900000 1.933333 1.966667 2.000000 2.033333 2.066667 2.100000
2.133333 2.166667 2.200000 2.233333 2.266667 2.300000 2.333333 2.366667 2.400000 2.433333 2.466667 2.500000 2.533333 2.566667 2.600000 2.633333
2.666667</float_array><technique_common><accessor source="#Spine1-Matrix-animation-input-array" count="81"><param name="TIME" type="float"/></accessor></technique_common></source><source id="Spine1-Matrix-animation-output-transform"><float_array id="Spine1-Matrix-animation-output-transform-array" count="1296">

0.999843 -0.015719 0.008200 -0.006600 0.017581 0.938817 -0.343968 12.711700 -0.002292 0.344059 0.938945 -1.491800 0.000000 0.000000 0.000000 1.000000
0.999839 -0.016324 0.007450 -0.006600 0.017888 0.939363 -0.342457 12.711700 -0.001408 0.342535 0.939504 -1.491800 0.000000 0.000000 0.000000 1.000000
0.999825 -0.017854 0.005540 -0.006600 0.018676 0.940783 -0.338493 12.711700 0.000831 0.338538 0.940953 -1.491800 0.000000 0.000000 0.000000 1.000000
0.999797 -0.019931 0.002988 -0.006600 0.019789 0.942780 -0.332827 12.711700 0.003816 0.332818 0.942983 -1.491800 0.000000 0.000000 0.000000 1.000000
0.999754 -0.022171 0.000310 -0.006600 0.021060 0.945067 -0.326199 12.711700 0.006939 0.326125 0.945301 -1.491800 0.000000 0.000000 0.000000 1.000000
0.999705 -0.024203 -0.001975 -0.006600 0.022305 0.947369 -0.319365 12.711700 0.009601 0.319227 0.947630 -1.491800 0.000000 0.000000 0.000000 1.000000
0.999666 -0.025637 -0.003206 -0.006600 0.023354 0.949689 -0.312322 12.711700 0.011052 0.312143 0.949971 -1.491800 0.000000 0.000000 0.000000 1.000000
0.999618 -0.027319 -0.004163 -0.006600 0.024777 0.952748 -0.302750 12.711700 0.012237 0.302532 0.953061 -1.491800 0.000000 0.000000 0.000000 1.000000
0.999549 -0.029568 -0.005219 -0.006600 0.026769 0.956320 -0.291093 12.711700 0.013598 0.290822 0.956681 -1.491800 0.000000 0.000000 0.000000 1.000000
0.999454 -0.032449 -0.006264 -0.006600 0.029429 0.960112 -0.278062 12.711700 0.015036 0.277726 0.960543 -1.491800 0.000000 0.000000 0.000000 1.000000
0.999326 -0.035915 -0.007554 -0.006600 0.032643 0.963877 -0.264341 12.711700 0.016775 0.263917 0.964400 -1.491800 0.000000 0.000000 0.000000 1.000000
0.999186 -0.039341 -0.008894 -0.006600 0.035866 0.967518 -0.250247 12.711700 0.018450 0.249724 0.968141 -1.491800 0.000000 0.000000 0.000000 1.000000
0.999035 -0.042628 -0.010624 -0.006600 0.038904 0.970775 -0.236816 12.711700 0.020409 0.236174 0.971497 -1.491800 0.000000 0.000000 0.000000 1.000000
0.998919 -0.045170 -0.011000 -0.006600 0.041570 0.973775 -0.223684 12.711700 0.020815 0.222985 0.974600 -1.491800 0.000000 0.000000 0.000000 1.000000
0.998881 -0.046623 -0.008001 -0.006600 0.043906 0.976714 -0.210005 12.711700 0.017606 0.209419 0.977668 -1.491800 0.000000 0.000000 0.000000 1.000000
0.998883 -0.047146 -0.003310 -0.006600 0.045586 0.979573 -0.195852 12.711700 0.012477 0.195483 0.980628 -1.491800 0.000000 0.000000 0.000000 1.000000
0.998911 -0.046501 0.003862 -0.006600 0.046423 0.982068 -0.182722 12.711700 0.004704 0.182702 0.983157 -1.491800 0.000000 0.000000 0.000000 1.000000
0.998946 -0.044298 0.011993 -0.006600 0.045707 0.983817 -0.173248 12.711700 -0.004124 0.173613 0.984805 -1.491800 0.000000 0.000000 0.000000 1.000000
0.998954 -0.040666 0.020905 -0.006600 0.043614 0.984730 -0.168539 12.711700 -0.013732 0.169274 0.985473 -1.491800 0.000000 0.000000 0.000000 1.000000
0.998965 -0.028544 0.035418 -0.006600 0.034358 0.983745 -0.176252 12.711700 -0.029811 0.177286 0.983708 -1.491800 0.000000 0.000000 0.000000 1.000000
0.998856 -0.008090 0.047132 -0.006600 0.016672 0.982662 -0.184656 12.711700 -0.044821 0.185230 0.981673 -1.491800 0.000000 0.000000 0.000000 1.000000
0.997465 0.013091 0.069949 -0.006600 0.000227 0.982343 -0.187091 12.711700 -0.071163 0.186633 0.979849 -1.491800 0.000000 0.000000 0.000000 1.000000
0.995639 0.023639 0.090242 -0.006600 -0.006342 0.982275 -0.187341 12.711700 -0.093071 0.185952 0.978141 -1.491800 0.000000 0.000000 0.000000 1.000000
0.994703 0.025263 0.099638 -0.006600 -0.005738 0.981465 -0.191558 12.711700 -0.102630 0.189971 0.976411 -1.491800 0.000000 0.000000 0.000000 1.000000
0.994339 0.023905 0.103527 -0.006600 -0.002881 0.980069 -0.198638 12.711700 -0.106212 0.197215 0.974590 -1.491800 0.000000 0.000000 0.000000 1.000000
0.994209 0.021914 0.105203 -0.006600 0.000005 0.978976 -0.203973 12.711700 -0.107461 0.202792 0.973307 -1.491800 0.000000 0.000000 0.000000 1.000000
0.994033 0.019898 0.107249 -0.006600 0.002420 0.978955 -0.204060 12.711700 -0.109052 0.203102 0.973066 -1.491800 0.000000 0.000000 0.000000 1.000000
0.993893 0.017263 0.108989 -0.006600 0.004874 0.979855 -0.199650 12.711700 -0.110240 0.198961 0.973787 -1.491800 0.000000 0.000000 0.000000 1.000000
0.993968 0.013305 0.108865 -0.006600 0.007965 0.981236 -0.192647 12.711700 -0.109385 0.192352 0.975211 -1.491800 0.000000 0.000000 0.000000 1.000000
0.992608 0.017019 0.120165 -0.006600 0.004136 0.984800 -0.173642 12.711700 -0.121293 0.172855 0.977450 -1.491800 0.000000 0.000000 0.000000 1.000000
0.990935 0.017217 0.133231 -0.006600 0.003010 0.988658 -0.150153 12.711700 -0.134305 0.149193 0.979645 -1.491800 0.000000 0.000000 0.000000 1.000000
0.988840 0.009695 0.148666 -0.006600 0.009013 0.992160 -0.124653 12.711700 -0.148709 0.124601 0.981000 -1.491800 0.000000 0.000000 0.000000 1.000000
0.986582 -0.010389 0.162937 -0.006600 0.024172 0.996270 -0.082838 12.711700 -0.161469 0.085665 0.983153 -1.491800 0.000000 0.000000 0.000000 1.000000
0.985001 -0.048101 0.165711 -0.006600 0.056817 0.997217 -0.048261 12.711700 -0.162928 0.056953 0.984993 -1.491800 0.000000 0.000000 0.000000 1.000000
0.982644 -0.092502 0.160791 -0.006600 0.103409 0.992777 -0.060831 12.711700 -0.154002 0.076402 0.985112 -1.491800 0.000000 0.000000 0.000000 1.000000
0.987050 -0.094239 0.129816 -0.006600 0.107923 0.988836 -0.102745 12.711700 -0.118684 0.115425 0.986200 -1.491800 0.000000 0.000000 0.000000 1.000000
0.986343 -0.014915 0.164026 -0.006600 0.032275 0.994086 -0.103686 12.711700 -0.161509 0.107564 0.980992 -1.491800 0.000000 0.000000 0.000000 1.000000
0.976309 -0.035677 0.213419 -0.006600 0.061797 0.991207 -0.117001 12.711700 -0.207368 0.127418 0.969929 -1.491800 0.000000 0.000000 0.000000 1.000000
0.986782 -0.028069 0.159603 -0.006600 0.060162 0.977951 -0.199979 12.711700 -0.150471 0.206938 0.966714 -1.491800 0.000000 0.000000 0.000000 1.000000
0.998913 0.005411 0.046301 -0.006600 0.006822 0.965579 -0.260021 12.711700 -0.046115 0.260054 0.964492 -1.491800 0.000000 0.000000 0.000000 1.000000
0.999641 0.016543 -0.021082 -0.006600 -0.021397 0.966365 -0.256284 12.711700 0.016133 0.256644 0.966371 -1.491800 0.000000 0.000000 0.000000 1.000000
0.997863 0.014972 -0.063610 -0.006600 -0.030657 0.966890 -0.253345 12.711700 0.057711 0.254753 0.965282 -1.491800 0.000000 0.000000 0.000000 1.000000
0.996330 0.015266 -0.084218 -0.006600 -0.036068 0.967219 -0.251371 12.711700 0.077619 0.253486 0.964220 -1.491800 0.000000 0.000000 0.000000 1.000000
0.996225 0.027619 -0.082294 -0.006600 -0.047029 0.968569 -0.244258 12.711700 0.072961 0.247207 0.966212 -1.491800 0.000000 0.000000 0.000000 1.000000
0.995969 0.038685 -0.080925 -0.006600 -0.057252 0.968698 -0.241550 12.711700 0.069047 0.245209 0.967008 -1.491800 0.000000 0.000000 0.000000 1.000000
0.995707 0.040773 -0.083095 -0.006600 -0.059942 0.968113 -0.243237 12.711700 0.070527 0.247174 0.966401 -1.491800 0.000000 0.000000 0.000000 1.000000
0.995732 0.046004 -0.080009 -0.006600 -0.064410 0.967272 -0.245430 12.711700 0.066100 0.249536 0.966107 -1.491800 0.000000 0.000000 0.000000 1.000000
0.996149 0.047510 -0.073686 -0.006600 -0.064578 0.966052 -0.250147 12.711700 0.059300 0.253942 0.965400 -1.491800 0.000000 0.000000 0.000000 1.000000
0.996818 0.047452 -0.064043 -0.006600 -0.062213 0.965467 -0.252988 12.711700 0.049827 0.256168 0.965347 -1.491800 0.000000 0.000000 0.000000 1.000000
0.997472 0.045883 -0.054256 -0.006600 -0.058283 0.965087 -0.255361 12.711700 0.040645 0.257878 0.965322 -1.491800 0.000000 0.000000 0.000000 1.000000
0.997963 0.043973 -0.046222 -0.006600 -0.054439 0.964717 -0.257601 12.711700 0.033264 0.259593 0.965145 -1.491800 0.000000 0.000000 0.000000 1.000000
0.998283 0.040549 -0.042265 -0.006600 -0.050155 0.964490 -0.259314 12.711700 0.030249 0.260989 0.964868 -1.491800 0.000000 0.000000 0.000000 1.000000
0.998770 0.030177 -0.039334 -0.006600 -0.039274 0.965796 -0.256313 12.711700 0.030254 0.257543 0.965793 -1.491800 0.000000 0.000000 0.000000 1.000000
0.999209 0.017310 -0.035793 -0.006600 -0.025736 0.967799 -0.250407 12.711700 0.030306 0.251130 0.967479 -1.491800 0.000000 0.000000 0.000000 1.000000
0.999389 0.011110 -0.033140 -0.006600 -0.018894 0.969389 -0.244802 12.711700 0.029406 0.245279 0.969006 -1.491800 0.000000 0.000000 0.000000 1.000000
0.999669 0.001976 -0.025667 -0.006600 -0.008069 0.970855 -0.239531 12.711700 0.024446 0.239658 0.970549 -1.491800 0.000000 0.000000 0.000000 1.000000
0.999637 -0.010858 -0.024646 -0.006600 0.004824 0.972512 -0.232803 12.711700 0.026496 0.232600 0.972212 -1.491800 0.000000 0.000000 0.000000 1.000000
0.999428 -0.025586 -0.022136 -0.006600 0.020029 0.974755 -0.222377 12.711700 0.027267 0.221806 0.974710 -1.491800 0.000000 0.000000 0.000000 1.000000
0.998937 -0.044494 -0.012006 -0.006600 0.041023 0.977202 -0.208313 12.711700 0.021001 0.207599 0.977989 -1.491800 0.000000 0.000000 0.000000 1.000000
0.998123 -0.061151 -0.003246 -0.006600 0.059331 0.978821 -0.195934 12.711700 0.015159 0.195374 0.980612 -1.491800 0.000000 0.000000 0.000000 1.000000
