<?xml version="1.0" encoding="utf-8"?>
<COLLADA xmlns="http://www.collada.org/2005/11/COLLADASchema" version="1.4.1">
  <asset><contributor><author>Mixamo</author><authoring_tool>COLLADA Mixamo exporter</authoring_tool><comments></comments></contributor><created>2019-05-10T17:10:51Z</created><modified>2019-05-10T17:10:51Z</modified><revision></revision><title></title><unit meter="0.010000"/><up_axis>Y_UP</up_axis></asset>
  <library_animations>
    <animation id="Hips-anim" name="Hips"><source id="Hips-Matrix-animation-input"><float_array id="Hips-Matrix-animation-input-array" count="19">

0.000000 0.033333 0.066667 0.100000 0.133333 0.166667 0.200000 0.233333 0.266667 0.300000 0.333333 0.366667 0.400000 0.433333 0.466667 0.500000
0.533333 0.566667 0.600000</float_array><technique_common><accessor source="#Hips-Matrix-animation-input-array" count="19"><param name="TIME" type="float"/></accessor></technique_common></source><source id="Hips-Matrix-animation-output-transform"><float_array id="Hips-Matrix-animation-output-transform-array" count="304">

0.964250 0.008949 -0.264842 -0.026937 -0.100066 0.937731 -0.332637 102.344925 0.245374 0.347247 0.905103 0.704237 0.000000 0.000000 0.000000 1.000000
0.971447 -0.003405 -0.237234 -0.055639 -0.080737 0.935478 -0.344039 101.677132 0.223099 0.353369 0.908492 -1.367367 0.000000 0.000000 0.000000 1.000000
0.983575 -0.021001 -0.179274 0.136463 -0.045754 0.931761 -0.360178 101.445557 0.174604 0.362465 0.915496 -1.660293 0.000000 0.000000 0.000000 1.000000
0.992047 -0.035765 -0.120676 0.300417 -0.011750 0.928275 -0.371709 101.992699 0.125315 0.370171 0.920472 -0.806712 0.000000 0.000000 0.000000 1.000000
0.995578 -0.041524 -0.084257 0.429243 0.006929 0.927005 -0.374985 102.670593 0.093678 0.372743 0.923194 -0.328844 0.000000 0.000000 0.000000 1.000000
0.996862 -0.036645 -0.070167 0.560216 0.008114 0.929027 -0.369923 103.101929 0.078743 0.368193 0.926409 -0.652002 0.000000 0.000000 0.000000 1.000000
0.997903 -0.030758 -0.056957 0.675358 0.008278 0.933309 -0.358980 103.079689 0.064200 0.357756 0.931606 -1.577645 0.000000 0.000000 0.000000 1.000000
0.999083 -0.029227 -0.031299 0.702224 0.016606 0.938111 -0.345938 102.471992 0.039472 0.345101 0.937735 -2.863276 0.000000 0.000000 0.000000 1.000000
0.999777 -0.021038 -0.001591 0.755443 0.019307 0.942692 -0.333106 101.711105 0.008507 0.333001 0.942888 -4.182542 0.000000 0.000000 0.000000 1.000000
0.999980 0.002016 0.006066 0.772045 0.000055 0.946208 -0.323560 101.232651 -0.006392 0.323554 0.946188 -4.997700 0.000000 0.000000 0.000000 1.000000
0.998915 0.041298 -0.021531 0.806564 -0.046020 0.946284 -0.320044 100.981094 0.007158 0.320688 0.947158 -4.549479 0.000000 0.000000 0.000000 1.000000
0.993937 0.082567 -0.072601 1.023463 -0.101741 0.941023 -0.322684 101.294403 0.041677 0.328114 0.943718 -2.679786 0.000000 0.000000 0.000000 1.000000
0.986602 0.109872 -0.120603 1.434092 -0.144415 0.932062 -0.332273 102.238930 0.075902 0.345238 0.935441 -0.626285 0.000000 0.000000 0.000000 1.000000
0.984044 0.101819 -0.145913 1.781151 -0.147291 0.926221 -0.347016 103.713272 0.099815 0.362971 0.926439 1.047244 0.000000 0.000000 0.000000 1.000000
0.985747 0.069282 -0.153307 1.809400 -0.120631 0.926262 -0.357053 104.679504 0.117266 0.370457 0.921418 1.954684 0.000000 0.000000 0.000000 1.000000
0.985153 0.035302 -0.168008 1.453899 -0.093820 0.930275 -0.354664 104.812485 0.143773 0.365161 0.919775 2.417485 0.000000 0.000000 0.000000 1.000000
0.978707 0.016832 -0.204570 0.855597 -0.087970 0.934860 -0.343945 104.121742 0.185455 0.354617 0.916435 2.384970 0.000000 0.000000 0.000000 1.000000
0.968751 0.012275 -0.247732 0.265934 -0.097224 0.937641 -0.333733 103.168343 0.228187 0.347390 0.909534 1.800233 0.000000 0.000000 0.000000 1.000000
0.964251 0.008946 -0.264839 -0.065631 -0.100061 0.937731 -0.332638 102.345284 0.245372 0.347246 0.905104 0.704240 0.000000 0.000000 0.000000 1.000000</float_array><technique_common><accessor source="#Hips-Matrix-animation-output-transform-array" count="19" stride="16"><param type="float4x4"/></accessor></technique_common></source><source id="Hips-Interpolations"><Name_array id="Hips-Interpolations-array" count="19">
 LINEAR LINEAR LINEAR LINEAR LINEAR LINEAR LINEAR LINEAR LINEAR LINEAR LINEAR
LINEAR LINEAR LINEAR LINEAR LINEAR LINEAR LINEAR LINEAR</Name_array><technique_common><accessor source="#Hips-Interpolations-array" count="19"><param type="name"/></accessor></technique_common></source><sampler id="Hips-Matrix-animation-transform"><input semantic="INPUT" source="#Hips-Matrix-animation-input"/><input semantic="OUTPUT" source="#Hips-Matrix-animation-output-transform"/><input semantic="INTERPOLATION" source="#Hips-Interpolations"/></sampler><channel source="#Hips-Matrix-animation-transform" target="Hips/matrix"/></animation>
    <animation id="Spine-anim" name="Spine"><source id="Spine-Matrix-animation-input"><float_array id="Spine-Matrix-animation-input-array" count="19">

0.000000 0.033333 0.066667 0.100000 0.133333 0.166667 0.200000 0.233333 0.266667 0.300000 0.333333 0.366667 0.400000 0.433333 0.466667 0.500000
0.533333 0.566667 0.600000</float_array><technique_common><accessor source="#Spine-Matrix-animation-input-array" count="19"><param name="TIME" type="float"/></accessor></technique_common></source><source id="Spine-Matrix-animation-output-transform"><float_array id="Spine-Matrix-animation-output-transform-array" count="304">

0.998902 0.019137 0.042759 -0.005700 -0.014251 0.993631 -0.111781 10.895800 -0.044626 0.111049 0.992812 -1.278700 0.000000 0.000000 0.000000 1.000000
0.994634 0.035171 0.097291 -0.005700 -0.024234 0.993481 -0.111395 10.895800 -0.100574 0.108439 0.989002 -1.278700 0.000000 0.000000 0.000000 1.000000
0.987488 0.054520 0.147972 -0.005700 -0.039740 0.994086 -0.101067 10.895800 -0.152607 0.093922 0.983814 -1.278700 0.000000 0.000000 0.000000 1.000000
0.979255 0.076241 0.187739 -0.005700 -0.059983 0.994060 -0.090813 10.895800 -0.193548 0.077668 0.978012 -1.278700 0.000000 0.000000 0.000000 1.000000
0.975442 0.092016 0.200116 -0.005700 -0.075702 0.993265 -0.087719 10.895800 -0.206839 0.070415 0.975838 -1.278700 0.000000 0.000000 0.000000 1.000000
0.980574 0.090084 0.174239 -0.005700 -0.074972 0.992982 -0.091461 10.895800 -0.181255 0.076622 0.980447 -1.278700 0.000000 0.000000 0.000000 1.000000
0.990761 0.075258 0.112818 -0.005700 -0.064103 0.992976 -0.099448 10.895800 -0.119510 0.091297 0.988626 -1.278700 0.000000 0.000000 0.000000 1.000000
0.997477 0.060616 0.036956 -0.005700 -0.056386 0.992725 -0.106382 10.895800 -0.043135 0.104030 0.993638 -1.278700 0.000000 0.000000 0.000000 1.000000
0.998342 0.045982 -0.034616 -0.005700 -0.049435 0.993077 -0.106558 10.895800 0.029476 0.108093 0.993704 -1.278700 0.000000 0.000000 0.000000 1.000000
0.994961 0.024392 -0.097252 -0.005700 -0.034149 0.994406 -0.099958 10.895800 0.094269 0.102775 0.990228 -1.278700 0.000000 0.000000 0.000000 1.000000
0.987190 -0.015635 -0.158779 -0.005700 0.001198 0.995885 -0.090620 10.895800 0.159542 0.089269 0.983147 -1.278700 0.000000 0.000000 0.000000 1.000000
0.973402 -0.069232 -0.218395 -0.005700 0.052436 0.995269 -0.081792 10.895800 0.223024 0.068165 0.972427 -1.278700 0.000000 0.000000 0.000000 1.000000
0.958481 -0.117967 -0.259611 -0.005700 0.102048 0.992022 -0.074012 10.895800 0.266271 0.044446 0.962873 -1.278700 0.000000 0.000000 0.000000 1.000000
0.955024 -0.128115 -0.267423 -0.005700 0.115522 0.991345 -0.062373 10.895800 0.273099 0.028675 0.961558 -1.278700 0.000000 0.000000 0.000000 1.000000
0.966469 -0.099574 -0.236690 -0.005700 0.089726 0.994605 -0.052050 10.895800 0.240596 0.029068 0.970190 -1.278700 0.000000 0.000000 0.000000 1.000000
0.983302 -0.054668 -0.173575 -0.005700 0.045749 0.997439 -0.054978 10.895800 0.176136 0.046119 0.983285 -1.278700 0.000000 0.000000 0.000000 1.000000
0.995233 -0.017976 -0.095852 -0.005700 0.010888 0.997201 -0.073969 10.895800 0.096914 0.072573 0.992643 -1.278700 0.000000 0.000000 0.000000 1.000000
0.999771 0.004263 -0.020967 -0.005700 -0.006287 0.995222 -0.097440 10.895800 0.020452 0.097550 0.995020 -1.278700 0.000000 0.000000 0.000000 1.000000
0.998902 0.019136 0.042760 -0.005700 -0.014250 0.993631 -0.111781 10.895800 -0.044627 0.111049 0.992812 -1.278700 0.000000 0.000000 0.000000 1.000000</float_array><technique_common><accessor source="#Spine-Matrix-animation-output-transform-array" count="19" stride="16"><param type="float4x4"/></accessor></technique_common></source><source id="Spine-Interpolations"><Name_array id="Spine-Interpolations-array" count="19">
 LINEAR LINEAR LINEAR LINEAR LINEAR LINEAR LINEAR LINEAR LINEAR LINEAR LINEAR
LINEAR LINEAR LINEAR LINEAR LINEAR LINEAR LINEAR LINEAR</Name_array><technique_common><accessor source="#Spine-Interpolations-array" count="19"><param type="name"/></accessor></technique_common></source><sampler id="Spine-Matrix-animation-transform"><input semantic="INPUT" source="#Spine-Matrix-animation-input"/><input semantic="OUTPUT" source="#Spine-Matrix-animation-output-transform"/><input semantic="INTERPOLATION" source="#Spine-Interpolations"/></sampler><channel source="#Spine-Matrix-animation-transform" target="Spine/matrix"/></animation>
    <animation id="Spine1-anim" name="Spine1"><source id="Spine1-Matrix-animation-input"><float_array id="Spine1-Matrix-animation-input-array" count="19">

0.000000 0.033333 0.066667 0.100000 0.133333 0.166667 0.200000 0.233333 0.266667 0.300000 0.333333 0.366667 0.400000 0.433333 0.466667 0.500000
0.533333 0.566667 0.600000</float_array><technique_common><accessor source="#Spine1-Matrix-animation-input-array" count="19"><param name="TIME" type="float"/></accessor></technique_common></source><source id="Spine1-Matrix-animation-output-transform"><float_array id="Spine1-Matrix-animation-output-transform-array" count="304">

0.999856 -0.001874 0.016894 -0.006600 0.003101 0.997333 -0.072919 12.711700 -0.016713 0.072961 0.997195 -1.491800 0.000000 0.000000 0.000000 1.000000
0.999437 0.001722 0.033520 -0.006600 0.000739 0.997310 -0.073289 12.711700 -0.033556 0.073273 0.996747 -1.491800 0.000000 0.000000 0.000000 1.000000
0.998835 0.006911 0.047763 -0.006600 -0.003663 0.997694 -0.067770 12.711700 -0.048121 0.067516 0.996557 -1.491800 0.000000 0.000000 0.000000 1.000000
0.998352 0.011001 0.056325 -0.006600 -0.007624 0.998180 -0.059824 12.711700 -0.056881 0.059296 0.996619 -1.491800 0.000000 0.000000 0.000000 1.000000
0.998386 0.012003 0.055509 -0.006600 -0.009016 0.998514 -0.053742 12.711700 -0.056072 0.053155 0.997011 -1.491800 0.000000 0.000000 0.000000 1.000000
0.998929 0.010497 0.045057 -0.006600 -0.008105 0.998564 -0.052962 12.711700 -0.045548 0.052540 0.997580 -1.491800 0.000000 0.000000 0.000000 1.000000
0.999551 0.009287 0.028474 -0.006600 -0.007644 0.998327 -0.057309 12.711700 -0.028958 0.057066 0.997950 -1.491800 0.000000 0.000000 0.000000 1.000000
0.999903 0.010275 0.009380 -0.006600 -0.009664 0.997970 -0.062942 12.711700 -0.010008 0.062846 0.997973 -1.491800 0.000000 0.000000 0.000000 1.000000
0.999872 0.011535 -0.011064 -0.006600 -0.012243 0.997731 -0.066200 12.711700 0.010275 0.066327 0.997745 -1.491800 0.000000 0.000000 0.000000 1.000000
0.999434 0.008311 -0.032592 -0.006600 -0.010463 0.997737 -0.066416 12.711700 0.031966 0.066720 0.997260 -1.491800 0.000000 0.000000 0.000000 1.000000
0.998603 -0.002283 -0.052796 -0.006600 -0.001132 0.997914 -0.064547 12.711700 0.052834 0.064517 0.996517 -1.491800 0.000000 0.000000 0.000000 1.000000
0.997603 -0.017209 -0.067025 -0.006600 0.013153 0.998082 -0.060491 12.711700 0.067938 0.059465 0.995916 -1.491800 0.000000 0.000000 0.000000 1.000000
0.997023 -0.028546 -0.071631 -0.006600 0.024742 0.998265 -0.053439 12.711700 0.073032 0.051507 0.995999 -1.491800 0.000000 0.000000 0.000000 1.000000
0.997338 -0.029688 -0.066594 -0.006600 0.026722 0.998630 -0.044997 12.711700 0.067839 0.043098 0.996765 -1.491800 0.000000 0.000000 0.000000 1.000000
0.998281 -0.021323 -0.054599 -0.006600 0.019148 0.999014 -0.040052 12.711700 0.055399 0.038938 0.997705 -1.491800 0.000000 0.000000 0.000000 1.000000
0.999204 -0.010764 -0.038423 -0.006600 0.009110 0.999035 -0.042960 12.711700 0.038848 0.042576 0.998338 -1.491800 0.000000 0.000000 0.000000 1.000000
0.999789 -0.004616 -0.020007 -0.006600 0.003546 0.998578 -0.053190 12.711700 0.020225 0.053108 0.998384 -1.491800 0.000000 0.000000 0.000000 1.000000
0.999995 -0.003034 -0.001108 -0.006600 0.002955 0.997864 -0.065253 12.711700 0.001304 0.065249 0.997868 -1.491800 0.000000 0.000000 0.000000 1.000000
0.999856 -0.001873 0.016894 -0.006600 0.003101 0.997333 -0.072919 12.711700 -0.016713 0.072961 0.997195 -1.491800 0.000000 0.000000 0.000000 1.000000</float_array><technique_common><accessor source="#Spine1-Matrix-animation-output-transform-array" count="19" stride="16"><param type="float4x4"/></accessor></technique_common></source><source id="Spine1-Interpolations"><Name_array id="Spine1-Interpolations-array" count="19">
 LINEAR LINEAR LINEAR LINEAR LINEAR LINEAR LINEAR LINEAR LINEAR LINEAR LINEAR
LINEAR LINEAR LINEAR LINEAR LINEAR LINEAR LINEAR LINEAR</Name_array><technique_common><accessor source="#Spine1-Interpolations-array" count="19"><param type="name"/></accessor></technique_common></source><sampler id="Spine1-Matrix-animation-transform"><input semantic="INPUT" source="#Spine1-Matrix-animation-input"/><input semantic="OUTPUT" source="#Spine1-Matrix-animation-output-transform"/><input semantic="INTERPOLATION" source="#Spine1-Interpolations"/></sampler><channel source="#Spine1-Matrix-animation-transform" target="Spine1/matrix"/></animation>
    <animation id="Spine2-anim" name="Spine2"><source id="Spine2-Matrix-animation-input"><float_array id="Spine2-Matrix-animation-input-array" count="19">

0.000000 0.033333 0.066667 0.100000 0.133333 0.166667 0.200000 0.233333 0.266667 0.300000 0.333333 0.366667 0.400000 0.433333 0.466667 0.500000
0.533333 0.566667 0.600000</float_array><technique_common><accessor source="#Spine2-Matrix-animation-input-array" count="19"><param name="TIME" type="float"/></accessor></technique_common></source><source id="Spine2-Matrix-animation-output-transform"><float_array id="Spine2-Matrix-animation-output-transform-array" count="304">

0.999898 -0.003089 0.013957 -0.007600 0.004105 0.997298 -0.073346 14.527700 -0.013693 0.073396 0.997209 -1.704900 0.000000 0.000000 0.000000 1.000000
0.999521 -0.000164 0.030939 -0.007600 0.002449 0.997268 -0.073825 14.527700 -0.030843 0.073866 0.996791 -1.704900 0.000000 0.000000 0.000000 1.000000
0.998926 0.004559 0.046118 -0.007600 -0.001400 0.997665 -0.068289 14.527700 -0.046322 0.068151 0.996599 -1.704900 0.000000 0.000000 0.000000 1.000000
0.998413 0.008574 0.055653 -0.007600 -0.005218 0.998174 -0.060174 14.527700 -0.056067 0.059788 0.996635 -1.704900 0.000000 0.000000 0.000000 1.000000
0.998415 0.009943 0.055397 -0.007600 -0.006956 0.998524 -0.053860 14.527700 -0.055851 0.053389 0.997011 -1.704900 0.000000 0.000000 0.000000 1.000000
0.998946 0.009035 0.045003 -0.007600 -0.006648 0.998577 -0.052911 14.527700 -0.045418 0.052556 0.997585 -1.704900 0.000000 0.000000 0.000000 1.000000
0.999565 0.008399 0.028265 -0.007600 -0.006772 0.998341 -0.057185 14.527700 -0.028698 0.056968 0.997963 -1.704900 0.000000 0.000000 0.000000 1.000000
0.999909 0.009924 0.009184 -0.007600 -0.009328 0.997981 -0.062825 14.527700 -0.009789 0.062734 0.997982 -1.704900 0.000000 0.000000 0.000000 1.000000
0.999869 0.011872 -0.010978 -0.007600 -0.012574 0.997727 -0.066204 14.527700 0.010167 0.066333 0.997746 -1.704900 0.000000 0.000000 0.000000 1.000000
0.999434 0.009586 -0.032256 -0.007600 -0.011721 0.997707 -0.066666 14.527700 0.031543 0.067006 0.997254 -1.704900 0.000000 0.000000 0.000000 1.000000
0.998614 -0.000018 -0.052637 -0.007600 -0.003411 0.997876 -0.065055 14.527700 0.052527 0.065144 0.996492 -1.704900 0.000000 0.000000 0.000000 1.000000
0.997615 -0.014300 -0.067524 -0.007600 0.010169 0.998078 -0.061135 14.527700 0.068268 0.060302 0.995843 -1.704900 0.000000 0.000000 0.000000 1.000000
0.997015 -0.025608 -0.072844 -0.007600 0.021693 0.998303 -0.054040 14.527700 0.074104 0.052298 0.995878 -1.704900 0.000000 0.000000 0.000000 1.000000
0.997307 -0.027249 -0.068083 -0.007600 0.024188 0.998677 -0.045385 14.527700 0.069230 0.043616 0.996647 -1.704900 0.000000 0.000000 0.000000 1.000000
0.998243 -0.019595 -0.055918 -0.007600 0.017360 0.999042 -0.040174 14.527700 0.056652 0.039133 0.997627 -1.704900 0.000000 0.000000 0.000000 1.000000
0.999165 -0.009754 -0.039666 -0.007600 0.008047 0.999044 -0.042959 14.527700 0.040047 0.042604 0.998289 -1.704900 0.000000 0.000000 0.000000 1.000000
0.999755 -0.004329 -0.021719 -0.007600 0.003166 0.998575 -0.053264 14.527700 0.021919 0.053182 0.998344 -1.704900 0.000000 0.000000 0.000000 1.000000
0.999987 -0.003502 -0.003611 -0.007600 0.003258 0.997847 -0.065505 14.527700 0.003833 0.065492 0.997846 -1.704900 0.000000 0.000000 0.000000 1.000000
0.999898 -0.003089 0.013957 -0.007600 0.004105 0.997298 -0.073347 14.527700 -0.013693 0.073396 0.997209 -1.704900 0.000000 0.000000 0.000000 1.000000</float_array><technique_common><accessor source="#Spine2-Matrix-animation-output-transform-array" count="19" stride="16"><param type="float4x4"/></accessor></technique_common></source><source id="Spine2-Interpolations"><Name_array id="Spine2-Interpolations-array" count="19">
 LINEAR LINEAR LINEAR LINEAR LINEAR LINEAR LINEAR LINEAR LINEAR LINEAR LINEAR
LINEAR LINEAR LINEAR LINEAR LINEAR LINEAR LINEAR LINEAR</Name_array><technique_common><accessor source="#Spine2-Interpolations-array" count="19"><param type="name"/></accessor></technique_common></source><sampler id="Spine2-Matrix-animation-transform"><input semantic="INPUT" source="#Spine2-Matrix-animation-input"/><input semantic="OUTPUT" source="#Spine2-Matrix-animation-output-transform"/><input semantic="INTERPOLATION" source="#Spine2-Interpolations"/></sampler><channel source="#Spine2-Matrix-animation-transform" target="Spine2/matrix"/></animation>
    <animation id="Neck-anim" name="Neck"><source id="Neck-Matrix-animation-input"><float_array id="Neck-Matrix-animation-input-array" count="19">

0.000000 0.033333 0.066667 0.100000 0.133333 0.166667 0.200000 0.233333 0.266667 0.300000 0.333333 0.366667 0.400000 0.433333 0.466667 0.500000
0.533333 0.566667 0.600000</float_array><technique_common><accessor source="#Neck-Matrix-animation-input-array" count="19"><param name="TIME" type="float"/></accessor></technique_common></source><source id="Neck-Matrix-animation-output-transform"><float_array id="Neck-Matrix-animation-output-transform-array" count="304">

0.999853 -0.017097 0.001201 -0.008500 0.016603 0.983612 0.179530 16.343599 -0.004251 -0.179483 0.983752 -1.918000 0.000000 0.000000 0.000000 1.000000
0.999791 -0.017632 -0.010345 -0.008500 0.019227 0.982960 0.182809 16.343599 0.006945 -0.182970 0.983094 -1.918000 0.000000 0.000000 0.000000 1.000000
0.999509 -0.019206 -0.024774 -0.008500 0.023419 0.982854 0.182892 16.343599 0.020836 -0.183382 0.982821 -1.918000 0.000000 0.000000 0.000000 1.000000
0.998946 -0.024260 -0.038966 -0.008500 0.031050 0.982364 0.184383 16.343599 0.033806 -0.185398 0.982082 -1.918000 0.000000 0.000000 0.000000 1.000000
0.998428 -0.030218 -0.047208 -0.008500 0.038593 0.981409 0.188007 16.343599 0.040649 -0.189533 0.981032 -1.918000 0.000000 0.000000 0.000000 1.000000
0.998529 -0.030307 -0.044951 -0.008500 0.038347 0.980951 0.190431 16.343599 0.038323 -0.191875 0.980671 -1.918000 0.000000 0.000000 0.000000 1.000000
0.999203 -0.021696 -0.033511 -0.008500 0.027639 0.981675 0.188550 16.343599 0.028806 -0.189326 0.981492 -1.918000 0.000000 0.000000 0.000000 1.000000
0.999761 -0.010075 -0.019424 -0.008500 0.013447 0.983171 0.182191 16.343599 0.017262 -0.182409 0.983071 -1.918000 0.000000 0.000000 0.000000 1.000000
0.999960 -0.003735 -0.008153 -0.008500 0.005088 0.984948 0.172777 16.343599 0.007385 -0.172811 0.984927 -1.918000 0.000000 0.000000 0.000000 1.000000
0.999990 -0.004456 0.000612 -0.008500 0.004299 0.986898 0.161289 16.343599 -0.001322 -0.161284 0.986907 -1.918000 0.000000 0.000000 0.000000 1.000000
0.999923 -0.006073 0.010840 -0.008500 0.004387 0.988783 0.149297 16.343599 -0.011625 -0.149238 0.988733 -1.918000 0.000000 0.000000 0.000000 1.000000
0.999706 -0.002015 0.024158 -0.008500 -0.001387 0.990155 0.139972 16.343599 -0.024202 -0.139964 0.989861 -1.918000 0.000000 0.000000 0.000000 1.000000
0.999300 0.006943 0.036761 -0.008500 -0.011876 0.990676 0.135723 16.343599 -0.035476 -0.136064 0.990065 -1.918000 0.000000 0.000000 0.000000 1.000000
0.999010 0.013318 0.042452 -0.008500 -0.018990 0.990507 0.136144 16.343599 -0.040236 -0.136815 0.989779 -1.918000 0.000000 0.000000 0.000000 1.000000
0.999192 0.011099 0.038622 -0.008500 -0.016398 0.990058 0.139701 16.343599 -0.036688 -0.140222 0.989440 -1.918000 0.000000 0.000000 0.000000 1.000000
0.999585 0.001884 0.028757 -0.008500 -0.006079 0.989194 0.146486 16.343599 -0.028170 -0.146600 0.988795 -1.918000 0.000000 0.000000 0.000000 1.000000
0.999797 -0.008026 0.018494 -0.008500 0.005017 0.987530 0.157349 16.343599 -0.019526 -0.157224 0.987370 -1.918000 0.000000 0.000000 0.000000 1.000000
0.999846 -0.014456 0.009965 -0.008500 0.012551 0.985350 0.170083 16.343599 -0.012277 -0.169932 0.985379 -1.918000 0.000000 0.000000 0.000000 1.000000
0.999853 -0.017097 0.001202 -0.008500 0.016603 0.983612 0.179530 16.343599 -0.004251 -0.179483 0.983752 -1.918000 0.000000 0.000000 0.000000 1.000000</float_array><technique_common><accessor source="#Neck-Matrix-animation-output-transform-array" count="19" stride="16"><param type="float4x4"/></accessor></technique_common></source><source id="Neck-Interpolations"><Name_array id="Neck-Interpolations-array" count="19">
 LINEAR LINEAR LINEAR LINEAR LINEAR LINEAR LINEAR LINEAR LINEAR LINEAR LINEAR
LINEAR LINEAR LINEAR LINEAR LINEAR LINEAR LINEAR LINEAR</Name_array><technique_common><accessor source="#Neck-Interpolations-array" count="19"><param type="name"/></accessor></technique_common></source><sampler id="Neck-Matrix-animation-transform"><input semantic="INPUT" source="#Neck-Matrix-animation-input"/><input semantic="OUTPUT" source="#Neck-Matrix-animation-output-transform"/><input semantic="INTERPOLATION" source="#Neck-Interpolations"/></sampler><channel source="#Neck-Matrix-animation-transform" target="Neck/matrix"/></animation>
    <animation id="Head-anim" name="Head"><source id="Head-Matrix-animation-input"><float_array id="Head-Matrix-animation-input-array" count="19">

0.000000 0.033333 0.066667 0.100000 0.133333 0.166667 0.200000 0.233333 0.266667 0.300000 0.333333 0.366667 0.400000 0.433333 0.466667 0.500000
0.533333 0.566667 0.600000</float_array><technique_common><accessor source="#Head-Matrix-animation-input-array" count="19"><param name="TIME" type="float"/></accessor></technique_common></source><source id="Head-Matrix-animation-output-transform"><float_array id="Head-Matrix-animation-output-transform-array" count="304">

0.984857 -0.008959 0.173139 0.000000 -0.058633 0.922608 0.381256 7.472600 -0.163155 -0.385634 0.908112 1.897700 0.000000 0.000000 0.000000 1.000000
0.997040 -0.009008 0.076355 -0.000000 -0.022044 0.917923 0.396145 7.472600 -0.073657 -0.396656 0.915008 1.897700 0.000000 0.000000 0.000000 1.000000
0.999173 -0.010099 -0.039384 0.000000 0.024810 0.918853 0.393820 7.472600 0.032211 -0.394472 0.918343 1.897700 0.000000 0.000000 0.000000 1.000000
0.990041 -0.012797 -0.140199 0.000000 0.065360 0.923811 0.377229 7.472600 0.124690 -0.382636 0.915446 1.897700 0.000000 0.000000 0.000000 1.000000
0.981760 -0.019231 -0.189150 -0.000000 0.087324 0.929338 0.358755 7.472600 0.168885 -0.368729 0.914066 1.897700 0.000000 0.000000 0.000000 1.000000
0.984049 -0.031100 -0.175160 0.000000 0.092312 0.930938 0.353318 7.472600 0.152075 -0.363851 0.918959 1.897700 0.000000 0.000000 0.000000 1.000000
0.991547 -0.048497 -0.120341 -0.000000 0.089595 0.926794 0.364726 7.472600 0.093843 -0.372425 0.923305 1.897700 0.000000 0.000000 0.000000 1.000000
0.995992 -0.069053 -0.056848 0.000000 0.085632 0.919734 0.383089 7.472600 0.025832 -0.386422 0.921960 1.897700 0.000000 0.000000 0.000000 1.000000
0.996229 -0.086642 0.004520 -0.000000 0.077776 0.914942 0.396020 7.472600 -0.038448 -0.394175 0.918231 1.897700 0.000000 0.000000 0.000000 1.000000
0.992401 -0.093685 0.079770 0.000000 0.054394 0.915536 0.398541 7.472600 -0.110369 -0.391173 0.913675 1.897700 0.000000 0.000000 0.000000 1.000000
0.979175 -0.085514 0.184131 0.000000 0.007017 0.920675 0.390268 7.472600 -0.202899 -0.380848 0.902101 1.897700 0.000000 0.000000 0.000000 1.000000
0.950862 -0.063718 0.302986 0.000000 -0.055360 0.927835 0.368859 7.472600 -0.304625 -0.367508 0.878716 1.897700 0.000000 0.000000 0.000000 1.000000
0.917341 -0.036658 0.396412 0.000000 -0.107792 0.935685 0.335968 7.472600 -0.383232 -0.350927 0.854390 1.897700 0.000000 0.000000 0.000000 1.000000
0.901440 -0.015327 0.432634 -0.000000 -0.129905 0.943740 0.304106 7.472600 -0.412955 -0.330334 0.848733 1.897700 0.000000 0.000000 0.000000 1.000000
0.911672 -0.006309 0.410870 -0.000000 -0.123010 0.949840 0.287528 7.472600 -0.392075 -0.312672 0.865166 1.897700 0.000000 0.000000 0.000000 1.000000
0.934252 -0.007005 0.356546 0.000000 -0.104665 0.950390 0.292924 7.472600 -0.340909 -0.310982 0.887170 1.897700 0.000000 0.000000 0.000000 1.000000
0.954529 -0.009565 0.297964 0.000000 -0.089878 0.943746 0.318223 7.472600 -0.284246 -0.330533 0.899973 1.897700 0.000000 0.000000 0.000000 1.000000
0.970243 -0.009797 0.241935 0.000000 -0.078432 0.932594 0.352302 7.472600 -0.229079 -0.360794 0.904075 1.897700 0.000000 0.000000 0.000000 1.000000
0.984857 -0.008959 0.173140 -0.000000 -0.058633 0.922608 0.381256 7.472600 -0.163156 -0.385634 0.908111 1.897700 0.000000 0.000000 0.000000 1.000000</float_array><technique_common><accessor source="#Head-Matrix-animation-output-transform-array" count="19" stride="16"><param type="float4x4"/></accessor></technique_common></source><source id="Head-Interpolations"><Name_array id="Head-Interpolations-array" count="19">
 LINEAR LINEAR LINEAR LINEAR LINEAR LINEAR LINEAR LINEAR LINEAR LINEAR LINEAR
LINEAR LINEAR LINEAR LINEAR LINEAR LINEAR LINEAR LINEAR</Name_array><technique_common><accessor source="#Head-Interpolations-array" count="19"><param type="name"/></accessor></technique_common></source><sampler id="Head-Matrix-animation-transform"><input semantic="INPUT" source="#Head-Matrix-animation-input"/><input semantic="OUTPUT" source="#Head-Matrix-animation-output-transform"/><input semantic="INTERPOLATION" source="#Head-Interpolations"/></sampler><channel source="#Head-Matrix-animation-transform" target="Head/matrix"/></animation>
    <animation id="LeftShoulder-anim" name="LeftShoulder"><source id="LeftShoulder-Matrix-animation-input"><float_array id="LeftShoulder-Matrix-animation-input-array" count="19">

0.000000 0.033333 0.066667 0.100000 0.133333 0.166667 0.200000 0.233333 0.266667 0.300000 0.333333 0.366667 0.400000 0.433333 0.466667 0.500000
0.533333 0.566667 0.600000</float_array><technique_common><accessor source="#LeftShoulder-Matrix-animation-input-array" count="19"><param name="TIME" type="float"/></accessor></technique_common></source><source id="LeftShoulder-Matrix-animation-output-transform"><float_array id="LeftShoulder-Matrix-animation-output-transform-array" count="304">

0.989425 0.140128 0.037435 5.550700 -0.139895 0.990127 -0.008788 13.775400 -0.038297 0.003458 0.999260 -1.926500 0.000000 0.000000 0.000000 1.000000
0.995248 0.093190 0.028222 5.550700 -0.093053 0.995642 -0.006153 13.775400 -0.028672 0.003498 0.999583 -1.926500 0.000000 0.000000 0.000000 1.000000
0.999070 0.043093 -0.001348 5.550700 -0.043101 0.999053 -0.006018 13.775400 0.001087 0.006070 0.999981 -1.926500 0.000000 0.000000 0.000000 1.000000
0.999499 0.008349 -0.030546 5.550700 -0.008615 0.999926 -0.008605 13.775400 0.030472 0.008864 0.999496 -1.926500 0.000000 0.000000 0.000000 1.000000
0.999258 0.014165 -0.035818 5.550700 -0.014501 0.999853 -0.009122 13.775400 0.035683 0.009635 0.999317 -1.926500 0.000000 0.000000 0.000000 1.000000
0.997630 0.067949 -0.010847 5.550700 -0.068028 0.997658 -0.007066 13.775400 0.010341 0.007788 0.999916 -1.926500 0.000000 0.000000 0.000000 1.000000
0.989252 0.144665 0.021281 5.550700 -0.144511 0.989466 -0.008574 13.775400 -0.022297 0.005406 0.999737 -1.926500 0.000000 0.000000 0.000000 1.000000
0.979257 0.200935 0.026101 5.550700 -0.200690 0.979585 -0.011720 13.775400 -0.027923 0.006239 0.999591 -1.926500 0.000000 0.000000 0.000000 1.000000
0.978254 0.207292 -0.007015 5.550700 -0.207358 0.978210 -0.010428 13.775400 0.004701 0.011656 0.999921 -1.926500 0.000000 0.000000 0.000000 1.000000
0.984356 0.167822 -0.053659 5.550700 -0.168533 0.985655 -0.008973 13.775400 0.051383 0.017876 0.998519 -1.926500 0.000000 0.000000 0.000000 1.000000
0.990578 0.113869 -0.076092 5.550700 -0.115027 0.993301 -0.010996 13.775400 0.074330 0.019645 0.997040 -1.926500 0.000000 0.000000 0.000000 1.000000
0.995014 0.080758 -0.058523 5.550700 -0.081549 0.996606 -0.011249 13.775400 0.057416 0.015965 0.998223 -1.926500 0.000000 0.000000 0.000000 1.000000
0.995932 0.087541 -0.021342 5.550700 -0.087747 0.996103 -0.008932 13.775400 0.020477 0.010768 0.999732 -1.926500 0.000000 0.000000 0.000000 1.000000
0.991572 0.129546 0.001384 5.550700 -0.129529 0.991536 -0.008912 13.775400 -0.002526 0.008658 0.999959 -1.926500 0.000000 0.000000 0.000000 1.000000
0.983558 0.180580 -0.002047 5.550700 -0.180592 0.983505 -0.010223 13.775400 0.000167 0.010425 0.999946 -1.926500 0.000000 0.000000 0.000000 1.000000
0.977571 0.210317 -0.011055 5.550700 -0.210430 0.977555 -0.010307 13.775400 0.008639 0.012402 0.999886 -1.926500 0.000000 0.000000 0.000000 1.000000
0.978343 0.206977 -0.002148 5.550700 -0.206988 0.978285 -0.010670 13.775400 -0.000107 0.010883 0.999941 -1.926500 0.000000 0.000000 0.000000 1.000000
0.983537 0.179404 0.021669 5.550700 -0.179207 0.983753 -0.010738 13.775400 -0.023243 0.006678 0.999708 -1.926500 0.000000 0.000000 0.000000 1.000000
0.989425 0.140128 0.037435 5.550700 -0.139895 0.990127 -0.008788 13.775400 -0.038297 0.003458 0.999260 -1.926500 0.000000 0.000000 0.000000 1.000000</float_array><technique_common><accessor source="#LeftShoulder-Matrix-animation-output-transform-array" count="19" stride="16"><param type="float4x4"/></accessor></technique_common></source><source id="LeftShoulder-Interpolations"><Name_array id="LeftShoulder-Interpolations-array" count="19">
 LINEAR LINEAR LINEAR LINEAR LINEAR LINEAR LINEAR LINEAR LINEAR LINEAR LINEAR
LINEAR LINEAR LINEAR LINEAR LINEAR LINEAR LINEAR LINEAR</Name_array><technique_common><accessor source="#LeftShoulder-Interpolations-array" count="19"><param type="name"/></accessor></technique_common></source><sampler id="LeftShoulder-Matrix-animation-transform"><input semantic="INPUT" source="#LeftShoulder-Matrix-animation-input"/><input semantic="OUTPUT" source="#LeftShoulder-Matrix-animation-output-transform"/><input semantic="INTERPOLATION" source="#LeftShoulder-Interpolations"/></sampler><channel source="#LeftShoulder-Matrix-animation-transform" target="LeftShoulder/matrix"/></animation>
    <animation id="LeftArm-anim" name="LeftArm"><source id="LeftArm-Matrix-animation-input"><float_array id="LeftArm-Matrix-animation-input-array" count="19">

0.000000 0.033333 0.066667 0.100000 0.133333 0.166667 0.200000 0.233333 0.266667 0.300000 0.333333 0.366667 0.400000 0.433333 0.466667 0.500000
0.533333 0.566667 0.600000</float_array><technique_common><accessor source="#LeftArm-Matrix-animation-input-array" count="19"><param name="TIME" type="float"/></accessor></technique_common></source><source id="LeftArm-Matrix-animation-output-transform"><float_array id="LeftArm-Matrix-animation-output-transform-array" count="304">

0.512189 0.824441 -0.240747 11.839400 -0.795430 0.349607 -0.495041 -3.135400 -0.323966 0.445052 0.834850 -0.017100 0.000000 0.000000 0.000000 1.000000
0.512314 0.837377 -0.190614 11.839400 -0.701195 0.279713 -0.655810 -3.135400 -0.495843 0.469639 0.730465 -0.017100 0.000000 0.000000 0.000000 1.000000
0.523490 0.847351 -0.089190 11.839400 -0.556056 0.260451 -0.789283 -3.135400 -0.645570 0.462776 0.607518 -0.017100 0.000000 0.000000 0.000000 1.000000
0.521594 0.852053 0.044108 11.839400 -0.433884 0.309411 -0.846173 -3.135400 -0.734632 0.422221 0.531079 -0.017100 0.000000 0.000000 0.000000 1.000000
0.515960 0.839922 0.168272 11.839400 -0.428678 0.423245 -0.798185 -3.135400 -0.741633 0.339697 0.578434 -0.017100 0.000000 0.000000 0.000000 1.000000
0.537001 0.806248 0.248182 11.839400 -0.553448 0.558751 -0.617651 -3.135400 -0.636652 0.194323 0.746266 -0.017100 0.000000 0.000000 0.000000 1.000000
0.576633 0.781137 0.239414 11.839400 -0.717745 0.624331 -0.308305 -3.135400 -0.390302 0.005940 0.920668 -0.017100 0.000000 0.000000 0.000000 1.000000
0.572794 0.806849 0.144574 11.839400 -0.816812 0.576619 0.018133 -3.135400 -0.068734 -0.128476 0.989328 -0.017100 0.000000 0.000000 0.000000 1.000000
0.530336 0.847452 0.023842 11.839400 -0.815848 0.502507 0.286145 -3.135400 0.230513 -0.171204 0.957890 -0.017100 0.000000 0.000000 0.000000 1.000000
0.491911 0.866664 -0.083171 11.839400 -0.710125 0.454653 0.537599 -3.135400 0.503732 -0.205389 0.839088 -0.017100 0.000000 0.000000 0.000000 1.000000
0.479122 0.862606 -0.162335 11.839400 -0.522101 0.428744 0.737284 -3.135400 0.705586 -0.268494 0.655789 -0.017100 0.000000 0.000000 0.000000 1.000000
0.518940 0.818670 -0.245928 11.839400 -0.360304 0.470379 0.805559 -3.135400 0.775166 -0.329428 0.539068 -0.017100 0.000000 0.000000 0.000000 1.000000
0.581089 0.746356 -0.324481 11.839400 -0.339979 0.584867 0.736440 -3.135400 0.739426 -0.317620 0.593605 -0.017100 0.000000 0.000000 0.000000 1.000000
0.618970 0.700934 -0.354356 11.839400 -0.466296 0.691005 0.552341 -3.135400 0.632016 -0.176648 0.754553 -0.017100 0.000000 0.000000 0.000000 1.000000
0.616787 0.708843 -0.342221 11.839400 -0.639390 0.704761 0.307396 -3.135400 0.459080 0.029215 0.887915 -0.017100 0.000000 0.000000 0.000000 1.000000
0.594009 0.744230 -0.305408 11.839400 -0.763352 0.641262 0.077956 -3.135400 0.253863 0.186828 0.949025 -0.017100 0.000000 0.000000 0.000000 1.000000
0.569563 0.780724 -0.257038 11.839400 -0.820430 0.558994 -0.120088 -3.135400 0.049927 0.279279 0.958911 -0.017100 0.000000 0.000000 0.000000 1.000000
0.539513 0.810808 -0.226969 11.839400 -0.829709 0.466123 -0.307103 -3.135400 -0.143206 0.354005 0.924215 -0.017100 0.000000 0.000000 0.000000 1.000000
0.513449 0.829005 -0.221634 11.839400 -0.795075 0.362415 -0.486324 -3.135400 -0.322842 0.425918 0.845202 -0.017100 0.000000 0.000000 0.000000 1.000000</float_array><technique_common><accessor source="#LeftArm-Matrix-animation-output-transform-array" count="19" stride="16"><param type="float4x4"/></accessor></technique_common></source><source id="LeftArm-Interpolations"><Name_array id="LeftArm-Interpolations-array" count="19">
 LINEAR LINEAR LINEAR LINEAR LINEAR LINEAR LINEAR LINEAR LINEAR LINEAR LINEAR
LINEAR LINEAR LINEAR LINEAR LINEAR LINEAR LINEAR LINEAR</Name_array><technique_common><accessor source="#LeftArm-Interpolations-array" count="19"><param type="name"/></accessor></technique_common></source><sampler id="LeftArm-Matrix-animation-transform"><input semantic="INPUT" source="#LeftArm-Matrix-animation-input"/><input semantic="OUTPUT" source="#LeftArm-Matrix-animation-output-transform"/><input semantic="INTERPOLATION" source="#LeftArm-Interpolations"/></sampler><channel source="#LeftArm-Matrix-animation-transform" target="LeftArm/matrix"/></animation>
    <animation id="LeftForeArm-anim" name="LeftForeArm"><source id="LeftForeArm-Matrix-animation-input"><float_array id="LeftForeArm-Matrix-animation-input-array" count="19">

0.000000 0.033333 0.066667 0.100000 0.133333 0.166667 0.200000 0.233333 0.266667 0.300000 0.333333 0.366667 0.400000 0.433333 0.466667 0.500000
0.533333 0.566667 0.600000</float_array><technique_common><accessor source="#LeftForeArm-Matrix-animation-input-array" count="19"><param name="TIME" type="float"/></accessor></technique_common></source><source id="LeftForeArm-Matrix-animation-output-transform"><float_array id="LeftForeArm-Matrix-animation-output-transform-array" count="304">

0.542046 -0.020671 -0.840095 29.161200 0.010739 0.999786 -0.017671 0.594900 0.840280 0.000557 0.542152 -2.065900 0.000000 0.000000 0.000000 1.000000
0.443295 -0.020691 -0.896137 29.161200 0.008707 0.999786 -0.018777 0.594900 0.896333 0.000521 0.443380 -2.065900 0.000000 0.000000 0.000000 1.000000
0.257258 -0.020716 -0.966121 29.161200 0.004891 0.999785 -0.020136 0.594900 0.966330 0.000455 0.257304 -2.065900 0.000000 0.000000 0.000000 1.000000
0.093831 -0.020727 -0.995372 29.161200 0.001550 0.999785 -0.020673 0.594900 0.995587 0.000396 0.093843 -2.065900 0.000000 0.000000 0.000000 1.000000
0.040909 -0.020729 -0.998948 29.161200 0.000471 0.999785 -0.020727 0.594900 0.999163 0.000378 0.040910 -2.065900 0.000000 0.000000 0.000000 1.000000
0.087129 -0.020727 -0.995981 29.161200 0.001414 0.999785 -0.020683 0.594900 0.996196 0.000394 0.087140 -2.065900 0.000000 0.000000 0.000000 1.000000
0.160358 -0.020723 -0.986841 29.161200 0.002909 0.999785 -0.020522 0.594900 0.987055 0.000420 0.160384 -2.065900 0.000000 0.000000 0.000000 1.000000
0.197201 -0.020721 -0.980144 29.161200 0.003662 0.999785 -0.020400 0.594900 0.980356 0.000433 0.197235 -2.065900 0.000000 0.000000 0.000000 1.000000
0.172181 -0.020723 -0.984847 29.161200 0.003151 0.999785 -0.020486 0.594900 0.985060 0.000424 0.172209 -2.065900 0.000000 0.000000 0.000000 1.000000
0.086039 -0.020728 -0.996076 29.161200 0.001392 0.999785 -0.020685 0.594900 0.996291 0.000394 0.086050 -2.065900 0.000000 0.000000 0.000000 1.000000
-0.048495 -0.020725 -0.998608 29.161200 -0.001351 0.999785 -0.020684 0.594900 0.998822 0.000346 -0.048513 -2.065900 0.000000 0.000000 0.000000 1.000000
-0.200767 -0.020721 -0.979420 29.161200 -0.004446 0.999785 -0.020241 0.594900 0.979629 0.000291 -0.200816 -2.065900 0.000000 0.000000 0.000000 1.000000
-0.310992 -0.020710 -0.950187 29.161200 -0.006681 0.999785 -0.019604 0.594900 0.950389 0.000251 -0.311063 -2.065900 0.000000 0.000000 0.000000 1.000000
-0.309856 -0.020711 -0.950558 29.161200 -0.006658 0.999785 -0.019613 0.594900 0.950760 0.000252 -0.309927 -2.065900 0.000000 0.000000 0.000000 1.000000
-0.161426 -0.020724 -0.986667 29.161200 -0.003647 0.999785 -0.020403 0.594900 0.986878 0.000305 -0.161467 -2.065900 0.000000 0.000000 0.000000 1.000000
0.094570 -0.020726 -0.995302 29.161200 0.001566 0.999785 -0.020671 0.594900 0.995517 0.000397 0.094582 -2.065900 0.000000 0.000000 0.000000 1.000000
0.348203 -0.020706 -0.937190 29.161200 0.006755 0.999785 -0.019579 0.594900 0.937395 0.000487 0.348269 -2.065900 0.000000 0.000000 0.000000 1.000000
0.508566 -0.020679 -0.860774 29.161200 0.010049 0.999786 -0.018081 0.594900 0.860964 0.000545 0.508665 -2.065900 0.000000 0.000000 0.000000 1.000000
0.542045 -0.020671 -0.840095 29.161200 0.010739 0.999786 -0.017671 0.594900 0.840281 0.000557 0.542152 -2.065900 0.000000 0.000000 0.000000 1.000000</float_array><technique_common><accessor source="#LeftForeArm-Matrix-animation-output-transform-array" count="19" stride="16"><param type="float4x4"/></accessor></technique_common></source><source id="LeftForeArm-Interpolations"><Name_array id="LeftForeArm-Interpolations-array" count="19">
 LINEAR LINEAR LINEAR LINEAR LINEAR LINEAR LINEAR LINEAR LINEAR LINEAR LINEAR
