<?xml version="1.0" encoding="utf-8"?>
<COLLADA xmlns="http://www.collada.org/2005/11/COLLADASchema" version="1.4.1">
  <asset><contributor><author>Mixamo</author><authoring_tool>COLLADA Mixamo exporter</authoring_tool><comments></comments></contributor><created>2019-05-10T17:36:20Z</created><modified>2019-05-10T17:36:20Z</modified><revision></revision><title></title><unit meter="0.010000"/><up_axis>Y_UP</up_axis></asset>
  <library_animations>
    <animation id="Hips-anim" name="Hips"><source id="Hips-Matrix-animation-input"><float_array id="Hips-Matrix-animation-input-array" count="301">

0.000000 0.033333 0.066667 0.100000 0.133333 0.166667 0.200000 0.233333 0.266667 0.300000 0.333333 0.366667 0.400000 0.433333 0.466667 0.500000
0.533333 0.566667 0.600000 0.633333 0.666667 0.700000 0.733333 0.766667 0.800000 0.833333 0.866667 0.900000 0.933333 0.966667 1.000000 1.033333
1.066667 1.100000 1.133333 1.166667 1.200000 1.233333 1.266667 1.300000 1.333333 1.366667 1.400000 1.433333 1.466667 1.500000 1.533333 1.566667
1.600000 1.633333 1.666667 1.700000 1.733333 1.766667 1.800000 1.833333 1.866667 1.900000 1.933333 1.966667 2.000000 2.033333 2.066667 2.100000
2.133333 2.166667 2.200000 2.233333 2.266667 2.300000 2.333333 2.366667 2.400000 2.433333 2.466667 2.500000 2.533333 2.566667 2.600000 2.633333
2.666667 2.700000 2.733333 2.766667 2.800000 2.833333 2.866667 2.900000 2.933333 2.966667 3.000000 3.033333 3.066667 3.100000 3.133333 3.166667
3.200000 3.233333 3.266667 3.300000 3.333333 3.366667 3.400000 3.433333 3.466667 3.500000 3.533333 3.566667 3.600000 3.633333 3.666667 3.700000
3.733333 3.766667 3.800000 3.833333 3.866667 3.900000 3.933333 3.966667 4.000000 4.033333 4.066667 4.100000 4.133333 4.166667 4.200000 4.233333
4.266667 4.300000 4.333333 4.366667 4.400000 4.433333 4.466667 4.500000 4.533333 4.566667 4.600000 4.633333 4.666667 4.700000 4.733333 4.766667
4.800000 4.833333 4.866667 4.900000 4.933333 4.966667 5.000000 5.033333 5.066667 5.100000 5.133333 5.166667 5.200000 5.233333 5.266667 5.300000
5.333333 5.366667 5.400000 5.433333 5.466667 5.500000 5.533333 5.566667 5.600000 5.633333 5.666667 5.700000 5.733333 5.766667 5.800000 5.833333
5.866667 5.900000 5.933333 5.966667 6.000000 6.033333 6.066667 6.100000 6.133333 6.166667 6.200000 6.233333 6.266667 6.300000 6.333333 6.366667
6.400000 6.433333 6.466667 6.500000 6.533333 6.566667 6.600000 6.633333 6.666667 6.700000 6.733333 6.766667 6.800000 6.833333 6.866667 6.900000
6.933333 6.966667 7.000000 7.033333 7.066667 7.100000 7.133333 7.166667 7.200000 7.233333 7.266667 7.300000 7.333333 7.366667 7.400000 7.433333
7.466667 7.500000 7.533333 7.566667 7.600000 7.633333 7.666667 7.700000 7.733333 7.766667 7.800000 7.833333 7.866667 7.900000 7.933333 7.966667
8.000000 8.033333 8.066667 8.100000 8.133333 8.166667 8.200000 8.233333 8.266667 8.300000 8.333333 8.366667 8.400000 8.433333 8.466667 8.500000
8.533333 8.566667 8.600000 8.633333 8.666667 8.700000 8.733333 8.766667 8.800000 8.833333 8.866667 8.900000 8.933333 8.966667 9.000000 9.033333
9.066667 9.100000 9.133333 9.166667 9.200000 9.233333 9.266667 9.300000 9.333333 9.366667 9.400000 9.433333 9.466667 9.500000 9.533333 9.566667
9.600000 9.633333 9.666667 9.700000 9.733333 9.766667 9.800000 9.833333 9.866667 9.900000 9.933333 9.966667 10.000000</float_array><technique_common><accessor source="#Hips-Matrix-animation-input-array" count="301"><param name="TIME" type="float"/></accessor></technique_common></source><source id="Hips-Matrix-animation-output-transform"><float_array id="Hips-Matrix-animation-output-transform-array" count="4816">

0.999282 -0.015008 0.034788 0.429381 0.013574 0.999063 0.041101 112.260246 -0.035372 -0.040600 0.998549 0.949889 0.000000 0.000000 0.000000 1.000000
0.999293 -0.015262 0.034352 0.445811 0.013858 0.999073 0.040751 112.262192 -0.034942 -0.040246 0.998579 0.940947 0.000000 0.000000 0.000000 1.000000
0.999308 -0.015573 0.033793 0.465978 0.014202 0.999082 0.040419 112.263062 -0.034392 -0.039911 0.998611 0.937256 0.000000 0.000000 0.000000 1.000000
0.999322 -0.015930 0.033200 0.488522 0.014595 0.999090 0.040074 112.263588 -0.033808 -0.039562 0.998645 0.936400 0.000000 0.000000 0.000000 1.000000
0.999334 -0.016279 0.032663 0.511834 0.014977 0.999100 0.039697 112.264877 -0.033280 -0.039182 0.998678 0.937041 0.000000 0.000000 0.000000 1.000000
0.999344 -0.016556 0.032199 0.534872 0.015286 0.999110 0.039324 112.267899 -0.032822 -0.038806 0.998708 0.941877 0.000000 0.000000 0.000000 1.000000
0.999355 -0.016751 0.031755 0.557331 0.015507 0.999118 0.039012 112.272003 -0.032380 -0.038495 0.998734 0.955811 0.000000 0.000000 0.000000 1.000000
0.999368 -0.016906 0.031276 0.578555 0.015689 0.999125 0.038774 112.274734 -0.031904 -0.038259 0.998758 0.980264 0.000000 0.000000 0.000000 1.000000
0.999381 -0.017075 0.030762 0.597462 0.015883 0.999129 0.038593 112.274673 -0.031394 -0.038081 0.998781 1.011976 0.000000 0.000000 0.000000 1.000000
0.999393 -0.017283 0.030257 0.614025 0.016113 0.999129 0.038489 112.273224 -0.030896 -0.037978 0.998801 1.047257 0.000000 0.000000 0.000000 1.000000
0.999401 -0.017537 0.029819 0.629881 0.016384 0.999125 0.038482 112.272675 -0.030468 -0.037971 0.998814 1.084491 0.000000 0.000000 0.000000 1.000000
0.999407 -0.017810 0.029464 0.646189 0.016670 0.999120 0.038492 112.273170 -0.030124 -0.037978 0.998824 1.122361 0.000000 0.000000 0.000000 1.000000
0.999412 -0.018041 0.029141 0.661257 0.016919 0.999122 0.038323 112.273262 -0.029807 -0.037807 0.998840 1.159112 0.000000 0.000000 0.000000 1.000000
0.999421 -0.018180 0.028774 0.672325 0.017086 0.999138 0.037827 112.272652 -0.029437 -0.037313 0.998870 1.195056 0.000000 0.000000 0.000000 1.000000
0.999431 -0.018267 0.028341 0.679894 0.017211 0.999164 0.037089 112.272636 -0.028995 -0.036580 0.998910 1.233294 0.000000 0.000000 0.000000 1.000000
0.999441 -0.018407 0.027905 0.688257 0.017386 0.999187 0.036383 112.273415 -0.028552 -0.035878 0.998948 1.275798 0.000000 0.000000 0.000000 1.000000
0.999446 -0.018649 0.027581 0.700767 0.017653 0.999199 0.035905 112.273430 -0.028229 -0.035398 0.998975 1.320130 0.000000 0.000000 0.000000 1.000000
0.999443 -0.018943 0.027465 0.716141 0.017960 0.999204 0.035608 112.271713 -0.028117 -0.035095 0.998988 1.361929 0.000000 0.000000 0.000000 1.000000
0.999435 -0.019215 0.027576 0.730573 0.018236 0.999209 0.035348 112.269150 -0.028233 -0.034825 0.998995 1.399696 0.000000 0.000000 0.000000 1.000000
0.999423 -0.019444 0.027859 0.742154 0.018462 0.999214 0.035077 112.268013 -0.028519 -0.034543 0.998996 1.435604 0.000000 0.000000 0.000000 1.000000
0.999408 -0.019651 0.028228 0.751883 0.018663 0.999219 0.034831 112.269272 -0.028890 -0.034284 0.998994 1.471871 0.000000 0.000000 0.000000 1.000000
0.999394 -0.019846 0.028597 0.761261 0.018853 0.999224 0.034590 112.271057 -0.029262 -0.034029 0.998992 1.508085 0.000000 0.000000 0.000000 1.000000
0.999382 -0.020005 0.028887 0.770452 0.019011 0.999231 0.034286 112.270966 -0.029550 -0.033716 0.998994 1.542782 0.000000 0.000000 0.000000 1.000000
0.999376 -0.020104 0.029040 0.778647 0.019116 0.999242 0.033914 112.269394 -0.029700 -0.033338 0.999003 1.575834 0.000000 0.000000 0.000000 1.000000
0.999375 -0.020148 0.029054 0.785290 0.019171 0.999254 0.033536 112.268303 -0.029708 -0.032958 0.999015 1.607779 0.000000 0.000000 0.000000 1.000000
0.999377 -0.020171 0.028962 0.790559 0.019206 0.999264 0.033202 112.268456 -0.029610 -0.032625 0.999029 1.638198 0.000000 0.000000 0.000000 1.000000
0.999381 -0.020192 0.028816 0.794889 0.019241 0.999273 0.032915 112.268784 -0.029459 -0.032340 0.999043 1.666920 0.000000 0.000000 0.000000 1.000000
0.999385 -0.020196 0.028668 0.798540 0.019257 0.999281 0.032671 112.268318 -0.029307 -0.032099 0.999055 1.696136 0.000000 0.000000 0.000000 1.000000
0.999389 -0.020140 0.028565 0.801654 0.019208 0.999287 0.032517 112.267235 -0.029200 -0.031949 0.999063 1.729231 0.000000 0.000000 0.000000 1.000000
0.999393 -0.020009 0.028521 0.804417 0.019079 0.999288 0.032543 112.265648 -0.029152 -0.031979 0.999063 1.766967 0.000000 0.000000 0.000000 1.000000
0.999396 -0.019831 0.028523 0.806858 0.018893 0.999283 0.032805 112.263252 -0.029153 -0.032247 0.999055 1.805737 0.000000 0.000000 0.000000 1.000000
0.999399 -0.019641 0.028574 0.808421 0.018687 0.999272 0.033258 112.260025 -0.029206 -0.032704 0.999038 1.840267 0.000000 0.000000 0.000000 1.000000
0.999398 -0.019454 0.028715 0.808201 0.018481 0.999259 0.033767 112.256721 -0.029351 -0.033216 0.999017 1.867791 0.000000 0.000000 0.000000 1.000000
0.999394 -0.019265 0.028976 0.805676 0.018271 0.999248 0.034195 112.254547 -0.029613 -0.033644 0.998995 1.888899 0.000000 0.000000 0.000000 1.000000
0.999389 -0.019062 0.029302 0.800912 0.018049 0.999244 0.034441 112.253799 -0.029937 -0.033892 0.998977 1.904656 0.000000 0.000000 0.000000 1.000000
0.999386 -0.018817 0.029563 0.794165 0.017795 0.999248 0.034436 112.253555 -0.030189 -0.033889 0.998970 1.913982 0.000000 0.000000 0.000000 1.000000
0.999390 -0.018492 0.029640 0.785400 0.017477 0.999264 0.034143 112.252609 -0.030250 -0.033604 0.998977 1.913896 0.000000 0.000000 0.000000 1.000000
0.999401 -0.018073 0.029502 0.774726 0.017079 0.999289 0.033598 112.250839 -0.030088 -0.033074 0.999000 1.901800 0.000000 0.000000 0.000000 1.000000
0.999418 -0.017611 0.029231 0.762618 0.016646 0.999320 0.032914 112.249481 -0.029791 -0.032408 0.999031 1.877505 0.000000 0.000000 0.000000 1.000000
0.999432 -0.017189 0.029000 0.749186 0.016253 0.999349 0.032197 112.249962 -0.029535 -0.031707 0.999061 1.842876 0.000000 0.000000 0.000000 1.000000
0.999439 -0.016838 0.028956 0.733813 0.015926 0.999378 0.031450 112.251923 -0.029467 -0.030971 0.999086 1.800163 0.000000 0.000000 0.000000 1.000000
0.999440 -0.016537 0.029093 0.716941 0.015645 0.999409 0.030607 112.253563 -0.029582 -0.030135 0.999108 1.752332 0.000000 0.000000 0.000000 1.000000
0.999438 -0.016297 0.029285 0.701610 0.015427 0.999440 0.029708 112.253448 -0.029752 -0.029240 0.999130 1.704617 0.000000 0.000000 0.000000 1.000000
0.999436 -0.016162 0.029438 0.690887 0.015310 0.999464 0.028946 112.252327 -0.029890 -0.028479 0.999147 1.662039 0.000000 0.000000 0.000000 1.000000
0.999433 -0.016106 0.029564 0.683793 0.015265 0.999479 0.028455 112.252022 -0.030007 -0.027987 0.999158 1.624084 0.000000 0.000000 0.000000 1.000000
0.999430 -0.016028 0.029706 0.676008 0.015193 0.999489 0.028129 112.252609 -0.030142 -0.027662 0.999163 1.585498 0.000000 0.000000 0.000000 1.000000
0.999428 -0.015874 0.029875 0.665079 0.015046 0.999501 0.027758 112.252815 -0.030301 -0.027293 0.999168 1.544005 0.000000 0.000000 0.000000 1.000000
0.999425 -0.015682 0.030074 0.652515 0.014863 0.999518 0.027274 112.252121 -0.030487 -0.026811 0.999176 1.503916 0.000000 0.000000 0.000000 1.000000
0.999420 -0.015506 0.030313 0.640568 0.014696 0.999534 0.026769 112.251678 -0.030714 -0.026308 0.999182 1.471034 0.000000 0.000000 0.000000 1.000000
0.999415 -0.015342 0.030576 0.629430 0.014538 0.999548 0.026326 112.252235 -0.030966 -0.025866 0.999186 1.447073 0.000000 0.000000 0.000000 1.000000
0.999411 -0.015158 0.030797 0.617899 0.014361 0.999560 0.025946 112.252998 -0.031176 -0.025489 0.999189 1.430346 0.000000 0.000000 0.000000 1.000000
0.999411 -0.014948 0.030894 0.605430 0.014158 0.999571 0.025633 112.252419 -0.031264 -0.025181 0.999194 1.420116 0.000000 0.000000 0.000000 1.000000
0.999416 -0.014729 0.030829 0.592503 0.013946 0.999579 0.025447 112.250305 -0.031190 -0.025003 0.999201 1.418694 0.000000 0.000000 0.000000 1.000000
0.999425 -0.014521 0.030634 0.579543 0.013743 0.999582 0.025444 112.247620 -0.030990 -0.025009 0.999207 1.428356 0.000000 0.000000 0.000000 1.000000
0.999435 -0.014340 0.030396 0.566313 0.013564 0.999581 0.025586 112.245293 -0.030750 -0.025159 0.999210 1.447040 0.000000 0.000000 0.000000 1.000000
0.999442 -0.014197 0.030220 0.552645 0.013421 0.999579 0.025741 112.243317 -0.030573 -0.025321 0.999212 1.469635 0.000000 0.000000 0.000000 1.000000
0.999444 -0.014103 0.030196 0.538872 0.013325 0.999578 0.025799 112.241508 -0.030548 -0.025382 0.999211 1.494228 0.000000 0.000000 0.000000 1.000000
0.999440 -0.014048 0.030360 0.525220 0.013267 0.999580 0.025763 112.239967 -0.030709 -0.025346 0.999207 1.523881 0.000000 0.000000 0.000000 1.000000
0.999432 -0.013995 0.030648 0.511364 0.013208 0.999582 0.025718 112.238312 -0.030995 -0.025298 0.999199 1.560772 0.000000 0.000000 0.000000 1.000000
0.999425 -0.013908 0.030915 0.497088 0.013115 0.999583 0.025717 112.235497 -0.031259 -0.025297 0.999191 1.602139 0.000000 0.000000 0.000000 1.000000
0.999423 -0.013808 0.031045 0.482916 0.013010 0.999583 0.025764 112.231483 -0.031388 -0.025345 0.999186 1.644312 0.000000 0.000000 0.000000 1.000000
0.999423 -0.013752 0.031059 0.469621 0.012950 0.999581 0.025870 112.228149 -0.031401 -0.025453 0.999183 1.687559 0.000000 0.000000 0.000000 1.000000
0.999423 -0.013749 0.031054 0.457547 0.012941 0.999577 0.026058 112.227135 -0.031399 -0.025641 0.999178 1.734027 0.000000 0.000000 0.000000 1.000000
0.999422 -0.013730 0.031093 0.446802 0.012914 0.999571 0.026299 112.227440 -0.031441 -0.025882 0.999170 1.782949 0.000000 0.000000 0.000000 1.000000
0.999421 -0.013638 0.031158 0.437492 0.012814 0.999566 0.026508 112.226486 -0.031506 -0.026093 0.999163 1.830790 0.000000 0.000000 0.000000 1.000000
0.999422 -0.013491 0.031217 0.429468 0.012661 0.999565 0.026636 112.223190 -0.031563 -0.026225 0.999158 1.875298 0.000000 0.000000 0.000000 1.000000
0.999422 -0.013352 0.031278 0.422344 0.012517 0.999564 0.026737 112.219269 -0.031621 -0.026330 0.999153 1.917508 0.000000 0.000000 0.000000 1.000000
0.999420 -0.013257 0.031377 0.416089 0.012414 0.999561 0.026912 112.216522 -0.031720 -0.026507 0.999145 1.959845 0.000000 0.000000 0.000000 1.000000
0.999415 -0.013205 0.031543 0.411675 0.012348 0.999554 0.027200 112.215057 -0.031888 -0.026795 0.999132 2.002956 0.000000 0.000000 0.000000 1.000000
0.999408 -0.013199 0.031771 0.410503 0.012326 0.999545 0.027518 112.213432 -0.032120 -0.027110 0.999116 2.044500 0.000000 0.000000 0.000000 1.000000
0.999400 -0.013233 0.032019 0.412472 0.012347 0.999540 0.027715 112.210846 -0.032371 -0.027303 0.999103 2.081480 0.000000 0.000000 0.000000 1.000000
0.999392 -0.013258 0.032252 0.415150 0.012366 0.999539 0.027723 112.207901 -0.032604 -0.027307 0.999095 2.113990 0.000000 0.000000 0.000000 1.000000
0.999385 -0.013228 0.032489 0.416288 0.012330 0.999540 0.027691 112.205750 -0.032840 -0.027273 0.999088 2.146182 0.000000 0.000000 0.000000 1.000000
0.999375 -0.013172 0.032794 0.416275 0.012259 0.999536 0.027894 112.204453 -0.033146 -0.027474 0.999073 2.182682 0.000000 0.000000 0.000000 1.000000
0.999362 -0.013167 0.033213 0.416503 0.012223 0.999520 0.028456 112.202957 -0.033571 -0.028032 0.999043 2.223722 0.000000 0.000000 0.000000 1.000000
0.999343 -0.013234 0.033726 0.416240 0.012251 0.999498 0.029208 112.200447 -0.034096 -0.028776 0.999004 2.264673 0.000000 0.000000 0.000000 1.000000
0.999323 -0.013318 0.034287 0.413328 0.012294 0.999477 0.029900 112.197388 -0.034667 -0.029458 0.998965 2.301114 0.000000 0.000000 0.000000 1.000000
0.999302 -0.013357 0.034874 0.407272 0.012296 0.999460 0.030460 112.194862 -0.035262 -0.030010 0.998927 2.332658 0.000000 0.000000 0.000000 1.000000
0.999281 -0.013346 0.035485 0.399838 0.012249 0.999446 0.030949 112.193291 -0.035878 -0.030492 0.998891 2.360611 0.000000 0.000000 0.000000 1.000000
0.999260 -0.013307 0.036083 0.392800 0.012177 0.999434 0.031366 112.191673 -0.036480 -0.030904 0.998856 2.384544 0.000000 0.000000 0.000000 1.000000
0.999243 -0.013256 0.036575 0.386718 0.012100 0.999426 0.031653 112.189514 -0.036974 -0.031187 0.998829 2.403664 0.000000 0.000000 0.000000 1.000000
0.999233 -0.013199 0.036863 0.382049 0.012027 0.999421 0.031830 112.188034 -0.037261 -0.031362 0.998813 2.419420 0.000000 0.000000 0.000000 1.000000
0.999232 -0.013163 0.036900 0.380179 0.011985 0.999417 0.031983 112.188484 -0.037299 -0.031516 0.998807 2.434088 0.000000 0.000000 0.000000 1.000000
0.999239 -0.013192 0.036714 0.382452 0.012014 0.999411 0.032131 112.190544 -0.037116 -0.031666 0.998809 2.447537 0.000000 0.000000 0.000000 1.000000
0.999250 -0.013301 0.036379 0.388669 0.012131 0.999407 0.032212 112.192604 -0.036786 -0.031747 0.998819 2.457667 0.000000 0.000000 0.000000 1.000000
0.999262 -0.013454 0.035987 0.397108 0.012296 0.999405 0.032220 112.194122 -0.036399 -0.031754 0.998833 2.463864 0.000000 0.000000 0.000000 1.000000
0.999274 -0.013576 0.035607 0.406096 0.012427 0.999402 0.032277 112.195686 -0.036024 -0.031811 0.998844 2.468028 0.000000 0.000000 0.000000 1.000000
0.999285 -0.013615 0.035275 0.414922 0.012469 0.999394 0.032503 112.197556 -0.035696 -0.032040 0.998849 2.471795 0.000000 0.000000 0.000000 1.000000
0.999295 -0.013576 0.034995 0.423617 0.012426 0.999382 0.032876 112.198936 -0.035420 -0.032417 0.998847 2.474062 0.000000 0.000000 0.000000 1.000000
0.999304 -0.013507 0.034763 0.432216 0.012351 0.999370 0.033265 112.198929 -0.035190 -0.032813 0.998842 2.472157 0.000000 0.000000 0.000000 1.000000
0.999312 -0.013444 0.034563 0.440204 0.012283 0.999360 0.033588 112.198189 -0.034993 -0.033140 0.998838 2.464923 0.000000 0.000000 0.000000 1.000000
0.999320 -0.013382 0.034368 0.446780 0.012217 0.999352 0.033869 112.198235 -0.034799 -0.033426 0.998835 2.453597 0.000000 0.000000 0.000000 1.000000
0.999328 -0.013306 0.034143 0.452037 0.012139 0.999343 0.034162 112.199448 -0.034575 -0.033725 0.998833 2.439594 0.000000 0.000000 0.000000 1.000000
0.999338 -0.013239 0.033875 0.457747 0.012071 0.999333 0.034453 112.200844 -0.034309 -0.034021 0.998832 2.422167 0.000000 0.000000 0.000000 1.000000
0.999349 -0.013229 0.033567 0.466165 0.012065 0.999326 0.034668 112.201828 -0.034003 -0.034241 0.998835 2.398718 0.000000 0.000000 0.000000 1.000000
0.999360 -0.013301 0.033216 0.477781 0.012145 0.999322 0.034769 112.203415 -0.033655 -0.034343 0.998843 2.367486 0.000000 0.000000 0.000000 1.000000
0.999371 -0.013448 0.032825 0.491221 0.012303 0.999318 0.034816 112.206429 -0.033271 -0.034390 0.998855 2.329572 0.000000 0.000000 0.000000 1.000000
0.999379 -0.013680 0.032469 0.505560 0.012544 0.999310 0.034947 112.210129 -0.032925 -0.034518 0.998862 2.288204 0.000000 0.000000 0.000000 1.000000
0.999379 -0.014025 0.032317 0.521135 0.012884 0.999295 0.035272 112.213173 -0.032789 -0.034833 0.998855 2.245646 0.000000 0.000000 0.000000 1.000000
0.999366 -0.014438 0.032540 0.537692 0.013272 0.999272 0.035761 112.215515 -0.033032 -0.035306 0.998830 2.201035 0.000000 0.000000 0.000000 1.000000
0.999341 -0.014779 0.033148 0.552977 0.013574 0.999250 0.036262 112.218040 -0.033659 -0.035788 0.998792 2.152146 0.000000 0.000000 0.000000 1.000000
0.999312 -0.014916 0.033947 0.563973 0.013671 0.999236 0.036604 112.221481 -0.034467 -0.036115 0.998753 2.098229 0.000000 0.000000 0.000000 1.000000
0.999289 -0.014823 0.034670 0.568697 0.013550 0.999235 0.036678 112.224930 -0.035187 -0.036182 0.998726 2.039368 0.000000 0.000000 0.000000 1.000000
0.999276 -0.014569 0.035144 0.566889 0.013286 0.999246 0.036471 112.226791 -0.035649 -0.035978 0.998717 1.975091 0.000000 0.000000 0.000000 1.000000
0.999273 -0.014265 0.035352 0.560006 0.012988 0.999264 0.036084 112.226883 -0.035841 -0.035598 0.998723 1.906317 0.000000 0.000000 0.000000 1.000000
0.999277 -0.014011 0.035345 0.550639 0.012750 0.999282 0.035666 112.226913 -0.035819 -0.035189 0.998739 1.836753 0.000000 0.000000 0.000000 1.000000
0.999286 -0.013846 0.035158 0.540783 0.012604 0.999298 0.035286 112.228539 -0.035622 -0.034818 0.998759 1.769635 0.000000 0.000000 0.000000 1.000000
0.999299 -0.013736 0.034819 0.530927 0.012520 0.999313 0.034887 112.231247 -0.035274 -0.034427 0.998785 1.704579 0.000000 0.000000 0.000000 1.000000
0.999315 -0.013641 0.034389 0.520898 0.012457 0.999330 0.034421 112.233444 -0.034836 -0.033969 0.998816 1.639978 0.000000 0.000000 0.000000 1.000000
0.999331 -0.013559 0.033956 0.511193 0.012406 0.999346 0.033954 112.235031 -0.034394 -0.033510 0.998846 1.577331 0.000000 0.000000 0.000000 1.000000
0.999345 -0.013512 0.033576 0.503097 0.012383 0.999358 0.033606 112.237289 -0.034008 -0.033168 0.998871 1.521097 0.000000 0.000000 0.000000 1.000000
0.999355 -0.013500 0.033271 0.498091 0.012389 0.999365 0.033399 112.240540 -0.033701 -0.032965 0.998888 1.474038 0.000000 0.000000 0.000000 1.000000
0.999362 -0.013514 0.033048 0.497283 0.012414 0.999369 0.033268 112.243111 -0.033476 -0.032836 0.998900 1.434510 0.000000 0.000000 0.000000 1.000000
0.999367 -0.013550 0.032890 0.501028 0.012459 0.999372 0.033159 112.244194 -0.033319 -0.032729 0.998909 1.399402 0.000000 0.000000 0.000000 1.000000
0.999371 -0.013628 0.032754 0.508979 0.012545 0.999374 0.033065 112.245430 -0.033184 -0.032633 0.998916 1.368332 0.000000 0.000000 0.000000 1.000000
0.999374 -0.013761 0.032591 0.520476 0.012687 0.999377 0.032948 112.248871 -0.033024 -0.032514 0.998926 1.343216 0.000000 0.000000 0.000000 1.000000
0.999379 -0.013932 0.032365 0.534595 0.012871 0.999381 0.032753 112.253777 -0.032801 -0.032316 0.998939 1.324637 0.000000 0.000000 0.000000 1.000000
0.999387 -0.014100 0.032041 0.550150 0.013058 0.999386 0.032498 112.257462 -0.032480 -0.032060 0.998958 1.311086 0.000000 0.000000 0.000000 1.000000
0.999400 -0.014231 0.031587 0.566125 0.013210 0.999390 0.032315 112.258560 -0.032027 -0.031879 0.998978 1.301870 0.000000 0.000000 0.000000 1.000000
0.999417 -0.014328 0.031000 0.582176 0.013325 0.999389 0.032328 112.258461 -0.031445 -0.031896 0.998996 1.298019 0.000000 0.000000 0.000000 1.000000
0.999435 -0.014429 0.030344 0.598252 0.013441 0.999381 0.032519 112.259148 -0.030794 -0.032093 0.999010 1.299323 0.000000 0.000000 0.000000 1.000000
0.999452 -0.014580 0.029721 0.613818 0.013605 0.999371 0.032754 112.260872 -0.030180 -0.032332 0.999021 1.302885 0.000000 0.000000 0.000000 1.000000
0.999464 -0.014774 0.029220 0.628101 0.013810 0.999363 0.032911 112.262535 -0.029688 -0.032490 0.999031 1.305809 0.000000 0.000000 0.000000 1.000000
0.999472 -0.014940 0.028850 0.640713 0.013987 0.999359 0.032957 112.263611 -0.029324 -0.032536 0.999040 1.307781 0.000000 0.000000 0.000000 1.000000
0.999481 -0.014991 0.028525 0.651585 0.014050 0.999359 0.032921 112.264900 -0.029000 -0.032503 0.999051 1.310116 0.000000 0.000000 0.000000 1.000000
0.999493 -0.014909 0.028144 0.660725 0.013983 0.999363 0.032827 112.267242 -0.028616 -0.032417 0.999065 1.313000 0.000000 0.000000 0.000000 1.000000
0.999507 -0.014762 0.027692 0.668813 0.013854 0.999370 0.032687 112.270142 -0.028157 -0.032287 0.999082 1.314982 0.000000 0.000000 0.000000 1.000000
0.999522 -0.014638 0.027246 0.677246 0.013750 0.999377 0.032518 112.272270 -0.027705 -0.032128 0.999100 1.315585 0.000000 0.000000 0.000000 1.000000
0.999533 -0.014567 0.026876 0.687205 0.013695 0.999383 0.032358 112.272934 -0.027331 -0.031975 0.999115 1.316659 0.000000 0.000000 0.000000 1.000000
0.999541 -0.014539 0.026581 0.699132 0.013679 0.999386 0.032250 112.272751 -0.027033 -0.031871 0.999126 1.319868 0.000000 0.000000 0.000000 1.000000
0.999547 -0.014559 0.026333 0.713121 0.013708 0.999387 0.032214 112.272499 -0.026786 -0.031838 0.999134 1.323979 0.000000 0.000000 0.000000 1.000000
0.999551 -0.014654 0.026137 0.728763 0.013809 0.999386 0.032212 112.272446 -0.026593 -0.031836 0.999139 1.325706 0.000000 0.000000 0.000000 1.000000
0.999552 -0.014825 0.025985 0.744689 0.013986 0.999385 0.032147 112.272659 -0.026446 -0.031769 0.999145 1.322624 0.000000 0.000000 0.000000 1.000000
0.999554 -0.015025 0.025825 0.759588 0.014197 0.999389 0.031941 112.273537 -0.026290 -0.031560 0.999156 1.314814 0.000000 0.000000 0.000000 1.000000
0.999556 -0.015217 0.025614 0.773601 0.014405 0.999397 0.031598 112.275261 -0.026079 -0.031215 0.999172 1.304317 0.000000 0.000000 0.000000 1.000000
0.999559 -0.015411 0.025378 0.787821 0.014618 0.999407 0.031170 112.277130 -0.025844 -0.030786 0.999192 1.293262 0.000000 0.000000 0.000000 1.000000
0.999560 -0.015651 0.025182 0.802689 0.014875 0.999418 0.030700 112.277939 -0.025647 -0.030312 0.999211 1.282478 0.000000 0.000000 0.000000 1.000000
0.999558 -0.015973 0.025057 0.817887 0.015213 0.999427 0.030244 112.277672 -0.025526 -0.029849 0.999228 1.272236 0.000000 0.000000 0.000000 1.000000
0.999553 -0.016364 0.025004 0.833148 0.015614 0.999431 0.029894 112.277748 -0.025479 -0.029490 0.999240 1.263108 0.000000 0.000000 0.000000 1.000000
0.999547 -0.016748 0.025010 0.847937 0.016003 0.999432 0.029667 112.279297 -0.025493 -0.029253 0.999247 1.254741 0.000000 0.000000 0.000000 1.000000
0.999541 -0.017028 0.025045 0.861175 0.016289 0.999434 0.029437 112.281631 -0.025532 -0.029015 0.999253 1.245273 0.000000 0.000000 0.000000 1.000000
0.999539 -0.017172 0.025053 0.872500 0.016441 0.999442 0.029078 112.283096 -0.025538 -0.028653 0.999263 1.234478 0.000000 0.000000 0.000000 1.000000
0.999540 -0.017230 0.024969 0.883085 0.016513 0.999453 0.028656 112.283249 -0.025449 -0.028231 0.999277 1.226438 0.000000 0.000000 0.000000 1.000000
0.999545 -0.017258 0.024745 0.894045 0.016555 0.999461 0.028356 112.283646 -0.025221 -0.027933 0.999292 1.226181 0.000000 0.000000 0.000000 1.000000
0.999554 -0.017243 0.024369 0.904737 0.016552 0.999464 0.028260 112.284897 -0.024843 -0.027844 0.999304 1.234149 0.000000 0.000000 0.000000 1.000000
0.999568 -0.017152 0.023871 0.913678 0.016475 0.999464 0.028293 112.285675 -0.024344 -0.027888 0.999315 1.246687 0.000000 0.000000 0.000000 1.000000
0.999584 -0.017018 0.023299 0.920730 0.016354 0.999463 0.028404 112.284393 -0.023770 -0.028011 0.999325 1.261838 0.000000 0.000000 0.000000 1.000000
0.999599 -0.016920 0.022709 0.927001 0.016266 0.999456 0.028673 112.281830 -0.023182 -0.028292 0.999331 1.281516 0.000000 0.000000 0.000000 1.000000
0.999612 -0.016881 0.022169 0.932679 0.016231 0.999442 0.029182 112.280190 -0.022649 -0.028811 0.999328 1.306891 0.000000 0.000000 0.000000 1.000000
0.999622 -0.016829 0.021746 0.936065 0.016177 0.999424 0.029837 112.279900 -0.022236 -0.029474 0.999318 1.334271 0.000000 0.000000 0.000000 1.000000
0.999630 -0.016680 0.021478 0.935356 0.016023 0.999409 0.030428 112.279129 -0.021973 -0.030073 0.999306 1.358190 0.000000 0.000000 0.000000 1.000000
0.999637 -0.016430 0.021360 0.930639 0.015767 0.999400 0.030842 112.276726 -0.021854 -0.030494 0.999296 1.377007 0.000000 0.000000 0.000000 1.000000
0.999641 -0.016147 0.021361 0.923390 0.015477 0.999395 0.031144 112.274170 -0.021851 -0.030802 0.999287 1.393035 0.000000 0.000000 0.000000 1.000000
0.999644 -0.015891 0.021450 0.914641 0.015213 0.999390 0.031447 112.273384 -0.021936 -0.031110 0.999275 1.407926 0.000000 0.000000 0.000000 1.000000
0.999644 -0.015661 0.021606 0.903980 0.014970 0.999383 0.031770 112.274361 -0.022090 -0.031435 0.999262 1.420267 0.000000 0.000000 0.000000 1.000000
0.999643 -0.015417 0.021837 0.890312 0.014713 0.999378 0.032041 112.275131 -0.022317 -0.031708 0.999248 1.427585 0.000000 0.000000 0.000000 1.000000
0.999639 -0.015145 0.022173 0.872911 0.014426 0.999377 0.032212 112.274178 -0.022647 -0.031880 0.999235 1.429350 0.000000 0.000000 0.000000 1.000000
0.999633 -0.014875 0.022642 0.851586 0.014140 0.999378 0.032312 112.272476 -0.023108 -0.031980 0.999221 1.427083 0.000000 0.000000 0.000000 1.000000
0.999623 -0.014652 0.023219 0.826546 0.013897 0.999379 0.032372 112.271347 -0.023679 -0.032037 0.999206 1.421378 0.000000 0.000000 0.000000 1.000000
0.999611 -0.014485 0.023821 0.798772 0.013711 0.999382 0.032352 112.270348 -0.024275 -0.032013 0.999193 1.410260 0.000000 0.000000 0.000000 1.000000
0.999600 -0.014344 0.024359 0.770064 0.013556 0.999390 0.032198 112.267937 -0.024806 -0.031855 0.999185 1.391890 0.000000 0.000000 0.000000 1.000000
0.999591 -0.014206 0.024807 0.742277 0.013411 0.999400 0.031949 112.264381 -0.025246 -0.031604 0.999182 1.368214 0.000000 0.000000 0.000000 1.000000
0.999583 -0.014094 0.025198 0.716705 0.013292 0.999408 0.031733 112.261978 -0.025631 -0.031385 0.999179 1.344110 0.000000 0.000000 0.000000 1.000000
0.999574 -0.014040 0.025573 0.693812 0.013229 0.999412 0.031627 112.261894 -0.026002 -0.031275 0.999173 1.322649 0.000000 0.000000 0.000000 1.000000
0.999565 -0.014033 0.025935 0.673014 0.013211 0.999413 0.031597 112.262550 -0.026363 -0.031240 0.999164 1.302319 0.000000 0.000000 0.000000 1.000000
0.999557 -0.014026 0.026268 0.652829 0.013194 0.999414 0.031577 112.261871 -0.026696 -0.031216 0.999156 1.279682 0.000000 0.000000 0.000000 1.000000
0.999549 -0.013992 0.026555 0.632052 0.013151 0.999415 0.031572 112.260178 -0.026981 -0.031209 0.999149 1.254020 0.000000 0.000000 0.000000 1.000000
0.999544 -0.013950 0.026788 0.610668 0.013100 0.999414 0.031631 112.259583 -0.027214 -0.031266 0.999141 1.228152 0.000000 0.000000 0.000000 1.000000
0.999539 -0.013926 0.026983 0.589633 0.013067 0.999410 0.031775 112.260483 -0.027409 -0.031408 0.999131 1.204468 0.000000 0.000000 0.000000 1.000000
0.999534 -0.013905 0.027175 0.569556 0.013034 0.999404 0.031974 112.261261 -0.027604 -0.031605 0.999119 1.181290 0.000000 0.000000 0.000000 1.000000
0.999529 -0.013836 0.027390 0.550355 0.012953 0.999399 0.032164 112.260971 -0.027818 -0.031794 0.999107 1.154322 0.000000 0.000000 0.000000 1.000000
0.999525 -0.013695 0.027622 0.532287 0.012801 0.999397 0.032286 112.260521 -0.028047 -0.031917 0.999097 1.121540 0.000000 0.000000 0.000000 1.000000
0.999520 -0.013524 0.027865 0.516259 0.012621 0.999397 0.032349 112.261086 -0.028286 -0.031982 0.999088 1.085222 0.000000 0.000000 0.000000 1.000000
0.999515 -0.013401 0.028110 0.502968 0.012488 0.999397 0.032405 112.262794 -0.028527 -0.032038 0.999079 1.048383 0.000000 0.000000 0.000000 1.000000
0.999510 -0.013359 0.028323 0.492461 0.012438 0.999396 0.032463 112.264389 -0.028739 -0.032094 0.999072 1.011465 0.000000 0.000000 0.000000 1.000000
0.999505 -0.013360 0.028487 0.484734 0.012433 0.999395 0.032474 112.264641 -0.028904 -0.032104 0.999067 0.974063 0.000000 0.000000 0.000000 1.000000
0.999500 -0.013356 0.028658 0.480361 0.012424 0.999396 0.032466 112.263687 -0.029075 -0.032094 0.999062 0.937239 0.000000 0.000000 0.000000 1.000000
0.999492 -0.013370 0.028923 0.480168 0.012426 0.999392 0.032578 112.263130 -0.029341 -0.032202 0.999051 0.901847 0.000000 0.000000 0.000000 1.000000
0.999480 -0.013463 0.029298 0.484373 0.012497 0.999381 0.032884 112.264442 -0.029722 -0.032501 0.999030 0.866742 0.000000 0.000000 0.000000 1.000000
0.999465 -0.013639 0.029729 0.491694 0.012648 0.999367 0.033263 112.267052 -0.030164 -0.032869 0.999004 0.831041 0.000000 0.000000 0.000000 1.000000
0.999449 -0.013812 0.030181 0.499566 0.012798 0.999355 0.033538 112.268890 -0.030625 -0.033134 0.998982 0.796723 0.000000 0.000000 0.000000 1.000000
0.999433 -0.013915 0.030650 0.505810 0.012881 0.999349 0.033686 112.269127 -0.031099 -0.033272 0.998962 0.766851 0.000000 0.000000 0.000000 1.000000
0.999419 -0.013986 0.031096 0.510003 0.012932 0.999344 0.033824 112.269455 -0.031549 -0.033402 0.998944 0.742107 0.000000 0.000000 0.000000 1.000000
0.999406 -0.014113 0.031444 0.513052 0.013041 0.999335 0.034041 112.271858 -0.031903 -0.033611 0.998926 0.720515 0.000000 0.000000 0.000000 1.000000
0.999396 -0.014318 0.031676 0.515685 0.013229 0.999323 0.034323 112.275772 -0.032146 -0.033883 0.998909 0.700179 0.000000 0.000000 0.000000 1.000000
0.999386 -0.014532 0.031877 0.517674 0.013427 0.999311 0.034616 112.278717 -0.032358 -0.034166 0.998892 0.681670 0.000000 0.000000 0.000000 1.000000
0.999375 -0.014673 0.032150 0.518256 0.013549 0.999299 0.034901 112.279152 -0.032640 -0.034443 0.998874 0.667789 0.000000 0.000000 0.000000 1.000000
0.999363 -0.014722 0.032506 0.517188 0.013576 0.999288 0.035195 112.277901 -0.033001 -0.034732 0.998852 0.660549 0.000000 0.000000 0.000000 1.000000
0.999351 -0.014738 0.032865 0.515238 0.013569 0.999277 0.035512 112.276917 -0.033365 -0.035043 0.998829 0.658381 0.000000 0.000000 0.000000 1.000000
0.999341 -0.014784 0.033158 0.513344 0.013594 0.999265 0.035833 112.277405 -0.033663 -0.035358 0.998808 0.657537 0.000000 0.000000 0.000000 1.000000
0.999331 -0.014870 0.033412 0.511464 0.013661 0.999254 0.036126 112.279198 -0.033925 -0.035645 0.998789 0.656282 0.000000 0.000000 0.000000 1.000000
0.999319 -0.014964 0.033725 0.508807 0.013735 0.999243 0.036395 112.281097 -0.034244 -0.035907 0.998768 0.656175 0.000000 0.000000 0.000000 1.000000
0.999304 -0.015059 0.034138 0.505104 0.013805 0.999232 0.036676 112.281471 -0.034664 -0.036179 0.998744 0.659350 0.000000 0.000000 0.000000 1.000000
0.999287 -0.015174 0.034571 0.500649 0.013894 0.999220 0.036971 112.279625 -0.035105 -0.036465 0.998718 0.665980 0.000000 0.000000 0.000000 1.000000
0.999273 -0.015311 0.034911 0.495185 0.014008 0.999208 0.037255 112.276466 -0.035453 -0.036739 0.998696 0.674830 0.000000 0.000000 0.000000 1.000000
0.999263 -0.015439 0.035130 0.487820 0.014118 0.999195 0.037547 112.273857 -0.035682 -0.037024 0.998677 0.685020 0.000000 0.000000 0.000000 1.000000
0.999257 -0.015534 0.035286 0.478134 0.014194 0.999180 0.037916 112.272827 -0.035846 -0.037387 0.998658 0.696316 0.000000 0.000000 0.000000 1.000000
0.999250 -0.015597 0.035430 0.466689 0.014236 0.999162 0.038365 112.272697 -0.035999 -0.037832 0.998635 0.708275 0.000000 0.000000 0.000000 1.000000
0.999245 -0.015643 0.035569 0.454296 0.014261 0.999146 0.038783 112.272278 -0.036145 -0.038247 0.998614 0.720051 0.000000 0.000000 0.000000 1.000000
0.999239 -0.015677 0.035703 0.441499 0.014280 0.999135 0.039057 112.271538 -0.036285 -0.038518 0.998599 0.730902 0.000000 0.000000 0.000000 1.000000
0.999233 -0.015705 0.035870 0.428923 0.014296 0.999129 0.039196 112.271362 -0.036454 -0.038653 0.998588 0.740624 0.000000 0.000000 0.000000 1.000000
0.999224 -0.015745 0.036114 0.417786 0.014323 0.999125 0.039290 112.271980 -0.036701 -0.038742 0.998575 0.749409 0.000000 0.000000 0.000000 1.000000
0.999211 -0.015816 0.036432 0.409352 0.014379 0.999120 0.039392 112.272369 -0.037023 -0.038837 0.998559 0.757127 0.000000 0.000000 0.000000 1.000000
0.999198 -0.015915 0.036749 0.404177 0.014461 0.999115 0.039494 112.271461 -0.037345 -0.038931 0.998544 0.762714 0.000000 0.000000 0.000000 1.000000
0.999188 -0.016017 0.036965 0.402031 0.014551 0.999111 0.039574 112.269653 -0.037566 -0.039004 0.998533 0.764805 0.000000 0.000000 0.000000 1.000000
0.999185 -0.016115 0.037013 0.402498 0.014646 0.999108 0.039608 112.268936 -0.037618 -0.039034 0.998530 0.763253 0.000000 0.000000 0.000000 1.000000
0.999188 -0.016241 0.036884 0.405642 0.014780 0.999108 0.039546 112.270462 -0.037494 -0.038969 0.998537 0.759523 0.000000 0.000000 0.000000 1.000000
0.999194 -0.016439 0.036609 0.412060 0.014996 0.999113 0.039351 112.272995 -0.037224 -0.038770 0.998555 0.755260 0.000000 0.000000 0.000000 1.000000
0.999204 -0.016695 0.036232 0.421400 0.015277 0.999120 0.039053 112.274406 -0.036852 -0.038469 0.998580 0.750826 0.000000 0.000000 0.000000 1.000000
0.999216 -0.016899 0.035809 0.430594 0.015509 0.999129 0.038730 112.274551 -0.036432 -0.038144 0.998608 0.745493 0.000000 0.000000 0.000000 1.000000
0.999230 -0.016932 0.035401 0.435156 0.015569 0.999140 0.038434 112.275299 -0.036021 -0.037853 0.998634 0.738990 0.000000 0.000000 0.000000 1.000000
0.999245 -0.016811 0.035032 0.434089 0.015470 0.999151 0.038194 112.277763 -0.035644 -0.037624 0.998656 0.732927 0.000000 0.000000 0.000000 1.000000
0.999259 -0.016700 0.034666 0.432227 0.015378 0.999157 0.038070 112.280609 -0.035272 -0.037509 0.998674 0.730113 0.000000 0.000000 0.000000 1.000000
0.999273 -0.016736 0.034242 0.435049 0.015428 0.999154 0.038118 112.281616 -0.034851 -0.037562 0.998686 0.731918 0.000000 0.000000 0.000000 1.000000
0.999289 -0.016873 0.033726 0.442522 0.015578 0.999145 0.038296 112.280647 -0.034343 -0.037743 0.998697 0.736990 0.000000 0.000000 0.000000 1.000000
0.999307 -0.016971 0.033139 0.450346 0.015693 0.999137 0.038467 112.279625 -0.033763 -0.037920 0.998710 0.742674 0.000000 0.000000 0.000000 1.000000
0.999326 -0.016969 0.032545 0.455578 0.015710 0.999134 0.038536 112.279755 -0.033170 -0.037999 0.998727 0.746709 0.000000 0.000000 0.000000 1.000000
0.999345 -0.016914 0.032006 0.458329 0.015677 0.999135 0.038512 112.280190 -0.032630 -0.037985 0.998745 0.747784 0.000000 0.000000 0.000000 1.000000
0.999360 -0.016873 0.031527 0.459628 0.015657 0.999139 0.038431 112.279938 -0.032148 -0.037913 0.998764 0.746379 0.000000 0.000000 0.000000 1.000000
0.999375 -0.016862 0.031053 0.460382 0.015668 0.999144 0.038283 112.279327 -0.031672 -0.037772 0.998784 0.745216 0.000000 0.000000 0.000000 1.000000
0.999391 -0.016847 0.030548 0.461764 0.015680 0.999153 0.038051 112.278954 -0.031163 -0.037549 0.998809 0.746775 0.000000 0.000000 0.000000 1.000000
0.999408 -0.016767 0.030028 0.464209 0.015628 0.999164 0.037768 112.278702 -0.030636 -0.037277 0.998835 0.749593 0.000000 0.000000 0.000000 1.000000
0.999427 -0.016577 0.029520 0.466426 0.015466 0.999178 0.037461 112.278114 -0.030117 -0.036983 0.998862 0.749185 0.000000 0.000000 0.000000 1.000000
0.999446 -0.016303 0.029021 0.467554 0.015221 0.999195 0.037114 112.277496 -0.029603 -0.036651 0.998890 0.744006 0.000000 0.000000 0.000000 1.000000
0.999464 -0.016050 0.028533 0.469847 0.014997 0.999212 0.036738 112.277092 -0.029100 -0.036291 0.998917 0.738558 0.000000 0.000000 0.000000 1.000000
0.999478 -0.015921 0.028099 0.477143 0.014893 0.999226 0.036412 112.276466 -0.028657 -0.035975 0.998942 0.738566 0.000000 0.000000 0.000000 1.000000
0.999488 -0.015941 0.027759 0.490890 0.014932 0.999233 0.036189 112.275444 -0.028314 -0.035756 0.998959 0.744796 0.000000 0.000000 0.000000 1.000000
0.999493 -0.016076 0.027492 0.509198 0.015081 0.999237 0.036034 112.274719 -0.028050 -0.035601 0.998972 0.753745 0.000000 0.000000 0.000000 1.000000
0.999496 -0.016279 0.027258 0.529209 0.015297 0.999239 0.035870 112.275146 -0.027821 -0.035434 0.998985 0.762679 0.000000 0.000000 0.000000 1.000000
0.999498 -0.016493 0.027059 0.548989 0.015524 0.999244 0.035646 112.276573 -0.027626 -0.035208 0.998998 0.771360 0.000000 0.000000 0.000000 1.000000
0.999499 -0.016657 0.026930 0.567921 0.015701 0.999252 0.035341 112.278214 -0.027499 -0.034901 0.999012 0.779859 0.000000 0.000000 0.000000 1.000000
0.999498 -0.016745 0.026886 0.586517 0.015801 0.999264 0.034955 112.279602 -0.027452 -0.034512 0.999027 0.787738 0.000000 0.000000 0.000000 1.000000
0.999497 -0.016785 0.026891 0.605765 0.015853 0.999279 0.034512 112.281143 -0.027451 -0.034068 0.999042 0.795743 0.000000 0.000000 0.000000 1.000000
0.999497 -0.016829 0.026884 0.626264 0.015909 0.999293 0.034063 112.283333 -0.027438 -0.033618 0.999058 0.805851 0.000000 0.000000 0.000000 1.000000
0.999497 -0.016908 0.026819 0.647868 0.016002 0.999305 0.033653 112.285599 -0.027369 -0.033207 0.999074 0.818787 0.000000 0.000000 0.000000 1.000000
0.999499 -0.017021 0.026694 0.669977 0.016129 0.999315 0.033299 112.286743 -0.027243 -0.032851 0.999089 0.833147 0.000000 0.000000 0.000000 1.000000
0.999501 -0.017148 0.026544 0.691632 0.016269 0.999323 0.032983 112.286308 -0.027091 -0.032535 0.999103 0.848013 0.000000 0.000000 0.000000 1.000000
0.999502 -0.017264 0.026396 0.711455 0.016398 0.999331 0.032681 112.285469 -0.026943 -0.032232 0.999117 0.865059 0.000000 0.000000 0.000000 1.000000
0.999505 -0.017350 0.026256 0.728208 0.016496 0.999339 0.032393 112.285690 -0.026800 -0.031944 0.999130 0.886864 0.000000 0.000000 0.000000 1.000000
0.999507 -0.017398 0.026116 0.741659 0.016556 0.999346 0.032148 112.287140 -0.026658 -0.031700 0.999142 0.913654 0.000000 0.000000 0.000000 1.000000
0.999511 -0.017409 0.025987 0.752564 0.016575 0.999352 0.031957 112.288116 -0.026527 -0.031511 0.999151 0.942722 0.000000 0.000000 0.000000 1.000000
0.999514 -0.017384 0.025893 0.762020 0.016558 0.999357 0.031795 112.287224 -0.026429 -0.031351 0.999159 0.971333 0.000000 0.000000 0.000000 1.000000
0.999515 -0.017345 0.025850 0.770971 0.016524 0.999362 0.031650 112.285301 -0.026383 -0.031207 0.999165 0.999605 0.000000 0.000000 0.000000 1.000000
0.999516 -0.017335 0.025847 0.779774 0.016517 0.999366 0.031537 112.284386 -0.026377 -0.031095 0.999168 1.029908 0.000000 0.000000 0.000000 1.000000
