<?xml version="1.0" encoding="utf-8"?>
<COLLADA xmlns="http://www.collada.org/2005/11/COLLADASchema" version="1.4.1">
  <asset><contributor><author>Mixamo</author><authoring_tool>COLLADA Mixamo exporter</authoring_tool><comments></comments></contributor><created>2019-08-01T10:04:27Z</created><modified>2019-08-01T10:04:27Z</modified><revision></revision><title></title><unit meter="0.010000"/><up_axis>Y_UP</up_axis></asset>
  <library_animations>
    <animation id="Hips-anim" name="Hips"><source id="Hips-Matrix-animation-input"><float_array id="Hips-Matrix-animation-input-array" count="47">

0.000000 0.033333 0.066667 0.100000 0.133333 0.166667 0.200000 0.233333 0.266667 0.300000 0.333333 0.366667 0.400000 0.433333 0.466667 0.500000
0.533333 0.566667 0.600000 0.633333 0.666667 0.700000 0.733333 0.766667 0.800000 0.833333 0.866667 0.900000 0.933333 0.966667 1.000000 1.033333
1.066667 1.100000 1.133333 1.166667 1.200000 1.233333 1.266667 1.300000 1.333333 1.366667 1.400000 1.433333 1.466667 1.500000 1.533333</float_array><technique_common><accessor source="#Hips-Matrix-animation-input-array" count="47"><param name="TIME" type="float"/></accessor></technique_common></source><source id="Hips-Matrix-animation-output-transform"><float_array id="Hips-Matrix-animation-output-transform-array" count="752">

0.494168 0.032837 0.868746 -1.323285 0.119964 0.987151 -0.105551 91.640732 -0.861050 0.156378 0.483879 -2.222134 0.000000 0.000000 0.000000 1.000000
0.512079 0.033646 0.858279 -2.079614 0.097212 0.990542 -0.096832 89.966606 -0.853419 0.133021 0.503965 0.370631 0.000000 0.000000 0.000000 1.000000
0.536708 0.042154 0.842715 -2.526987 0.078752 0.991889 -0.099771 88.931137 -0.840085 0.119913 0.529035 2.484881 0.000000 0.000000 0.000000 1.000000
0.559889 0.057369 0.826579 -2.630642 0.068492 0.990981 -0.115172 88.771027 -0.825732 0.121097 0.550910 3.977161 0.000000 0.000000 0.000000 1.000000
0.578743 0.077012 0.811865 -2.405665 0.068351 0.987448 -0.142392 89.529320 -0.812640 0.137900 0.566215 4.787513 0.000000 0.000000 0.000000 1.000000
0.597180 0.097182 0.796198 -1.896038 0.076066 0.981298 -0.176827 90.907768 -0.798493 0.166161 0.578619 5.058732 0.000000 0.000000 0.000000 1.000000
0.620230 0.115059 0.775936 -1.118372 0.083775 0.973810 -0.211365 92.382126 -0.779934 0.196099 0.594347 4.953104 0.000000 0.000000 0.000000 1.000000
0.648191 0.129440 0.750396 -0.155351 0.084517 0.967129 -0.239831 93.630173 -0.756773 0.218877 0.615944 4.673956 0.000000 0.000000 0.000000 1.000000
0.677570 0.140927 0.721830 0.891077 0.075702 0.962892 -0.259051 94.577034 -0.731552 0.230169 0.641758 4.358627 0.000000 0.000000 0.000000 1.000000
0.704952 0.149537 0.693312 1.960381 0.060316 0.961340 -0.268675 95.270782 -0.706686 0.231221 0.668679 4.063909 0.000000 0.000000 0.000000 1.000000
0.728943 0.153702 0.667097 3.022498 0.045619 0.961397 -0.271359 95.797485 -0.683053 0.228237 0.693791 3.800518 0.000000 0.000000 0.000000 1.000000
0.749892 0.152578 0.643725 4.031046 0.038933 0.961176 -0.273175 96.257431 -0.660413 0.229914 0.714838 3.551310 0.000000 0.000000 0.000000 1.000000
0.768980 0.147638 0.621991 4.930500 0.042731 0.958919 -0.280442 96.737404 -0.637843 0.242232 0.731081 3.277082 0.000000 0.000000 0.000000 1.000000
0.787773 0.140705 0.599679 5.713768 0.052984 0.954473 -0.293555 97.269226 -0.613682 0.263028 0.744453 2.931543 0.000000 0.000000 0.000000 1.000000
0.807991 0.131530 0.574326 6.445406 0.062454 0.950154 -0.305463 97.825043 -0.585876 0.282680 0.759501 2.481081 0.000000 0.000000 0.000000 1.000000
0.830599 0.118812 0.544049 7.196787 0.066374 0.948888 -0.308555 98.364021 -0.552902 0.292396 0.780259 1.918944 0.000000 0.000000 0.000000 1.000000
0.854712 0.103011 0.508780 7.970422 0.065364 0.950955 -0.302344 98.886620 -0.514971 0.291673 0.806059 1.274525 0.000000 0.000000 0.000000 1.000000
0.877978 0.086596 0.470804 8.708838 0.062979 0.954058 -0.292927 99.420013 -0.474541 0.286834 0.832188 0.590497 0.000000 0.000000 0.000000 1.000000
0.898310 0.071726 0.433468 9.377886 0.061453 0.956375 -0.285606 99.932709 -0.435043 0.283201 0.854713 -0.134276 0.000000 0.000000 0.000000 1.000000
0.914831 0.057444 0.399731 9.982270 0.062172 0.957997 -0.279958 100.369926 -0.399023 0.280966 0.872834 -0.910936 0.000000 0.000000 0.000000 1.000000
0.927519 0.042251 0.371382 10.533965 0.065292 0.960000 -0.272282 100.710060 -0.368030 0.276795 0.887659 -1.745218 0.000000 0.000000 0.000000 1.000000
0.936644 0.027291 0.349219 11.014603 0.069167 0.962921 -0.260765 100.977036 -0.343387 0.268398 0.900027 -2.636671 0.000000 0.000000 0.000000 1.000000
0.942745 0.016057 0.333129 11.387083 0.070855 0.966396 -0.247099 101.197464 -0.325902 0.256555 0.909927 -3.589216 0.000000 0.000000 0.000000 1.000000
0.946523 0.010511 0.322466 11.619423 0.068960 0.969781 -0.234028 101.400826 -0.315181 0.243750 0.917195 -4.602520 0.000000 0.000000 0.000000 1.000000
0.948536 0.010172 0.316504 11.707641 0.063990 0.972708 -0.223034 101.579758 -0.310135 0.231809 0.921998 -5.668872 0.000000 0.000000 0.000000 1.000000
0.949133 0.014328 0.314549 11.667937 0.056393 0.975078 -0.214577 101.701614 -0.309784 0.221400 0.924671 -6.771686 0.000000 0.000000 0.000000 1.000000
0.948567 0.023474 0.315705 11.522302 0.045378 0.976868 -0.208974 101.738396 -0.313307 0.212552 0.925559 -7.886253 0.000000 0.000000 0.000000 1.000000
0.946874 0.037643 0.319394 11.293915 0.030674 0.978029 -0.206202 101.667381 -0.320138 0.205044 0.924915 -8.975379 0.000000 0.000000 0.000000 1.000000
0.943516 0.054546 0.326807 11.001443 0.014875 0.978388 -0.206243 101.472420 -0.330993 0.199455 0.922313 -10.005855 0.000000 0.000000 0.000000 1.000000
0.937259 0.070453 0.341441 10.642519 0.003209 0.977584 -0.210522 101.174728 -0.348619 0.198409 0.916023 -10.945910 0.000000 0.000000 0.000000 1.000000
0.926658 0.082883 0.366654 10.198578 0.000076 0.975349 -0.220670 100.879158 -0.375905 0.204513 0.903808 -11.820187 0.000000 0.000000 0.000000 1.000000
0.911443 0.091443 0.401135 9.671292 0.005486 0.972200 -0.234089 100.733841 -0.411389 0.215559 0.885603 -12.680990 0.000000 0.000000 0.000000 1.000000
0.894214 0.097209 0.436956 9.088388 0.013577 0.969797 -0.243534 100.765717 -0.447433 0.223704 0.865887 -13.540368 0.000000 0.000000 0.000000 1.000000
0.879616 0.101770 0.464670 8.480087 0.016566 0.969699 -0.243739 100.856239 -0.475395 0.222095 0.851277 -14.365188 0.000000 0.000000 0.000000 1.000000
0.869413 0.106126 0.482554 7.824990 0.012585 0.971586 -0.236351 100.822037 -0.493926 0.211559 0.843374 -15.075150 0.000000 0.000000 0.000000 1.000000
0.858865 0.109401 0.500382 7.060569 0.008569 0.973718 -0.227597 100.506256 -0.512130 0.199763 0.835355 -15.583130 0.000000 0.000000 0.000000 1.000000
0.839942 0.109590 0.531496 6.144791 0.013906 0.974729 -0.222956 99.850586 -0.542498 0.194661 0.817192 -15.794289 0.000000 0.000000 0.000000 1.000000
0.808741 0.112787 0.577250 5.138086 0.024220 0.974223 -0.224283 99.350983 -0.587666 0.195368 0.785162 -15.660210 0.000000 0.000000 0.000000 1.000000
0.769113 0.120512 0.627648 4.178213 0.036008 0.972331 -0.230817 99.041786 -0.638098 0.200124 0.743493 -15.190281 0.000000 0.000000 0.000000 1.000000
0.729017 0.131995 0.671649 3.293451 0.046050 0.969550 -0.240524 98.926010 -0.682945 0.206276 0.700740 -14.433330 0.000000 0.000000 0.000000 1.000000
0.693152 0.132023 0.708598 2.355127 0.063730 0.968007 -0.242696 98.885201 -0.717969 0.213384 0.662562 -13.428519 0.000000 0.000000 0.000000 1.000000
0.658477 0.127789 0.741672 1.440186 0.082466 0.967294 -0.239878 98.635445 -0.748069 0.219117 0.626403 -12.153515 0.000000 0.000000 0.000000 1.000000
0.623526 0.119276 0.772651 0.577767 0.097737 0.968648 -0.228406 97.884460 -0.775669 0.217934 0.592319 -10.541979 0.000000 0.000000 0.000000 1.000000
0.589885 0.106744 0.800401 -0.189255 0.104848 0.972708 -0.206995 96.585503 -0.800651 0.206024 0.562594 -8.617605 0.000000 0.000000 0.000000 1.000000
0.558222 0.089954 0.824801 -0.826941 0.106353 0.978146 -0.178657 94.957405 -0.822847 0.187451 0.536456 -6.508557 0.000000 0.000000 0.000000 1.000000
0.527077 0.063719 0.847426 -1.136960 0.111263 0.983427 -0.143147 93.248764 -0.842503 0.169736 0.511252 -4.336251 0.000000 0.000000 0.000000 1.000000
0.494168 0.032837 0.868746 -1.323288 0.119964 0.987151 -0.105551 91.640739 -0.861050 0.156378 0.483879 -2.222135 0.000000 0.000000 0.000000 1.000000</float_array><technique_common><accessor source="#Hips-Matrix-animation-output-transform-array" count="47" stride="16"><param type="float4x4"/></accessor></technique_common></source><source id="Hips-Interpolations"><Name_array id="Hips-Interpolations-array" count="47">
 LINEAR LINEAR LINEAR LINEAR LINEAR LINEAR LINEAR LINEAR LINEAR LINEAR LINEAR
LINEAR LINEAR LINEAR LINEAR LINEAR LINEAR LINEAR LINEAR LINEAR LINEAR LINEAR LINEAR
LINEAR LINEAR LINEAR LINEAR LINEAR LINEAR LINEAR LINEAR LINEAR LINEAR LINEAR LINEAR
LINEAR LINEAR LINEAR LINEAR LINEAR LINEAR LINEAR LINEAR LINEAR LINEAR LINEAR LINEAR</Name_array><technique_common><accessor source="#Hips-Interpolations-array" count="47"><param type="name"/></accessor></technique_common></source><sampler id="Hips-Matrix-animation-transform"><input semantic="INPUT" source="#Hips-Matrix-animation-input"/><input semantic="OUTPUT" source="#Hips-Matrix-animation-output-transform"/><input semantic="INTERPOLATION" source="#Hips-Interpolations"/></sampler><channel source="#Hips-Matrix-animation-transform" target="Hips/matrix"/></animation>
    <animation id="Spine-anim" name="Spine"><source id="Spine-Matrix-animation-input"><float_array id="Spine-Matrix-animation-input-array" count="47">

0.000000 0.033333 0.066667 0.100000 0.133333 0.166667 0.200000 0.233333 0.266667 0.300000 0.333333 0.366667 0.400000 0.433333 0.466667 0.500000
0.533333 0.566667 0.600000 0.633333 0.666667 0.700000 0.733333 0.766667 0.800000 0.833333 0.866667 0.900000 0.933333 0.966667 1.000000 1.033333
1.066667 1.100000 1.133333 1.166667 1.200000 1.233333 1.266667 1.300000 1.333333 1.366667 1.400000 1.433333 1.466667 1.500000 1.533333</float_array><technique_common><accessor source="#Spine-Matrix-animation-input-array" count="47"><param name="TIME" type="float"/></accessor></technique_common></source><source id="Spine-Matrix-animation-output-transform"><float_array id="Spine-Matrix-animation-output-transform-array" count="752">

0.998450 -0.046832 -0.030065 -0.023100 0.039361 0.976168 -0.213417 13.157000 0.039343 0.211903 0.976499 0.957400 0.000000 0.000000 0.000000 1.000000
0.997941 -0.058527 -0.026227 -0.023100 0.051536 0.975200 -0.215241 13.157000 0.038174 0.213446 0.976209 0.957400 0.000000 0.000000 0.000000 1.000000
0.997686 -0.062238 -0.027360 -0.023100 0.054890 0.974848 -0.216008 13.157000 0.040116 0.214006 0.976008 0.957400 0.000000 0.000000 0.000000 1.000000
0.997521 -0.062003 -0.033289 -0.023100 0.053392 0.974940 -0.215968 13.157000 0.045845 0.213655 0.975833 0.957400 0.000000 0.000000 0.000000 1.000000
0.997157 -0.062521 -0.042053 -0.023100 0.052069 0.975187 -0.215170 13.157000 0.054462 0.212369 0.975671 0.957400 0.000000 0.000000 0.000000 1.000000
0.996505 -0.066185 -0.050959 -0.023100 0.053856 0.975413 -0.213704 13.157000 0.063850 0.210212 0.975568 0.957400 0.000000 0.000000 0.000000 1.000000
0.995597 -0.074078 -0.057439 -0.023100 0.060343 0.975401 -0.212018 13.157000 0.071732 0.207619 0.975576 0.957400 0.000000 0.000000 0.000000 1.000000
0.994515 -0.085233 -0.060618 -0.023100 0.070719 0.974995 -0.210676 13.157000 0.077059 0.205233 0.975675 0.957400 0.000000 0.000000 0.000000 1.000000
0.993273 -0.098455 -0.060961 -0.023100 0.083664 0.974106 -0.210041 13.157000 0.080062 0.203528 0.975790 0.957400 0.000000 0.000000 0.000000 1.000000
0.991864 -0.112328 -0.059899 -0.023100 0.097475 0.972791 -0.210180 13.157000 0.081878 0.202631 0.975826 0.957400 0.000000 0.000000 0.000000 1.000000
0.990461 -0.124371 -0.059315 -0.023100 0.109362 0.971417 -0.210688 13.157000 0.083823 0.202191 0.975752 0.957400 0.000000 0.000000 0.000000 1.000000
0.989451 -0.131635 -0.060495 -0.023100 0.116268 0.970663 -0.210463 13.157000 0.086424 0.201209 0.975728 0.957400 0.000000 0.000000 0.000000 1.000000
0.989142 -0.132612 -0.063349 -0.023100 0.116854 0.971075 -0.208229 13.157000 0.089131 0.198566 0.976026 0.957400 0.000000 0.000000 0.000000 1.000000
0.989464 -0.128536 -0.066621 -0.023100 0.112607 0.972502 -0.203864 13.157000 0.090993 0.194214 0.976730 0.957400 0.000000 0.000000 0.000000 1.000000
0.990049 -0.122744 -0.068826 -0.023100 0.106955 0.974181 -0.198828 13.157000 0.091454 0.189488 0.977615 0.957400 0.000000 0.000000 0.000000 1.000000
0.990580 -0.118170 -0.069192 -0.023100 0.102758 0.975446 -0.194795 13.157000 0.090512 0.185850 0.978401 0.957400 0.000000 0.000000 0.000000 1.000000
0.991012 -0.115180 -0.068032 -0.023100 0.100273 0.976234 -0.192126 13.157000 0.088544 0.183577 0.979009 0.957400 0.000000 0.000000 0.000000 1.000000
0.991467 -0.112260 -0.066267 -0.023100 0.097905 0.976879 -0.190057 13.157000 0.086070 0.181948 0.979534 0.957400 0.000000 0.000000 0.000000 1.000000
0.991989 -0.108704 -0.064347 -0.023100 0.094924 0.977560 -0.188058 13.157000 0.083346 0.180444 0.980048 0.957400 0.000000 0.000000 0.000000 1.000000
0.992577 -0.104312 -0.062526 -0.023100 0.091065 0.978247 -0.186385 13.157000 0.080608 0.179308 0.980485 0.957400 0.000000 0.000000 0.000000 1.000000
0.993160 -0.099624 -0.060894 -0.023100 0.086804 0.978789 -0.185573 13.157000 0.078090 0.179018 0.980742 0.957400 0.000000 0.000000 0.000000 1.000000
0.993643 -0.095528 -0.059562 -0.023100 0.082998 0.979094 -0.185704 13.157000 0.076057 0.179580 0.980799 0.957400 0.000000 0.000000 0.000000 1.000000
0.993988 -0.092612 -0.058395 -0.023100 0.080281 0.979183 -0.186429 13.157000 0.074445 0.180620 0.980732 0.957400 0.000000 0.000000 0.000000 1.000000
0.994301 -0.089959 -0.057206 -0.023100 0.077803 0.979179 -0.187498 13.157000 0.072882 0.181979 0.980598 0.957400 0.000000 0.000000 0.000000 1.000000
0.994730 -0.086046 -0.055753 -0.023100 0.074099 0.979156 -0.189112 13.157000 0.070863 0.183984 0.980371 0.957400 0.000000 0.000000 0.000000 1.000000
0.995309 -0.080359 -0.053881 -0.023100 0.068687 0.979097 -0.191445 13.157000 0.068139 0.186846 0.980023 0.957400 0.000000 0.000000 0.000000 1.000000
0.995934 -0.073787 -0.051689 -0.023100 0.062464 0.979011 -0.193999 13.157000 0.064918 0.189981 0.979639 0.957400 0.000000 0.000000 0.000000 1.000000
0.996488 -0.067468 -0.049586 -0.023100 0.056549 0.979035 -0.195683 13.157000 0.061749 0.192192 0.979413 0.957400 0.000000 0.000000 0.000000 1.000000
0.996920 -0.062001 -0.048020 -0.023100 0.051490 0.979347 -0.195522 13.157000 0.059150 0.192448 0.979523 0.957400 0.000000 0.000000 0.000000 1.000000
0.997231 -0.057492 -0.047162 -0.023100 0.047356 0.979993 -0.193314 13.157000 0.057332 0.190546 0.980003 0.957400 0.000000 0.000000 0.000000 1.000000
0.997435 -0.053984 -0.046998 -0.023100 0.044135 0.980807 -0.189922 13.157000 0.056348 0.187361 0.980674 0.957400 0.000000 0.000000 0.000000 1.000000
0.997574 -0.050809 -0.047577 -0.023100 0.041068 0.981488 -0.187071 13.157000 0.056201 0.184663 0.981194 0.957400 0.000000 0.000000 0.000000 1.000000
0.997732 -0.046459 -0.048700 -0.023100 0.036614 0.981776 -0.186482 13.157000 0.056476 0.184276 0.981251 0.957400 0.000000 0.000000 0.000000 1.000000
0.997974 -0.039590 -0.049808 -0.023100 0.029528 0.981610 -0.188600 13.157000 0.056359 0.186747 0.980790 0.957400 0.000000 0.000000 0.000000 1.000000
0.998253 -0.030287 -0.050739 -0.023100 0.019998 0.981149 -0.192214 13.157000 0.055604 0.190863 0.980041 0.957400 0.000000 0.000000 0.000000 1.000000
0.998409 -0.020158 -0.052669 -0.023100 0.009471 0.980605 -0.195767 13.157000 0.055594 0.194957 0.979235 0.957400 0.000000 0.000000 0.000000 1.000000
0.998286 -0.010368 -0.057600 -0.023100 -0.001246 0.980197 -0.198023 13.157000 0.058512 0.197756 0.978503 0.957400 0.000000 0.000000 0.000000 1.000000
0.998007 -0.007624 -0.062646 -0.023100 -0.004998 0.980010 -0.198887 13.157000 0.062910 0.198803 0.978018 0.957400 0.000000 0.000000 0.000000 1.000000
0.997736 -0.010490 -0.066422 -0.023100 -0.002943 0.980000 -0.198975 13.157000 0.067181 0.198720 0.977751 0.957400 0.000000 0.000000 0.000000 1.000000
0.997612 -0.016938 -0.066951 -0.023100 0.003260 0.979927 -0.199332 13.157000 0.068983 0.198638 0.977642 0.957400 0.000000 0.000000 0.000000 1.000000
0.997702 -0.022988 -0.063736 -0.023100 0.009760 0.979636 -0.200545 13.157000 0.067048 0.199462 0.977609 0.957400 0.000000 0.000000 0.000000 1.000000
0.997923 -0.028213 -0.057917 -0.023100 0.015932 0.979158 -0.202472 13.157000 0.062422 0.201129 0.977574 0.957400 0.000000 0.000000 0.000000 1.000000
0.998149 -0.032643 -0.051321 -0.023100 0.021483 0.978603 -0.204633 13.157000 0.056903 0.203151 0.977493 0.957400 0.000000 0.000000 0.000000 1.000000
0.998307 -0.036823 -0.045021 -0.023100 0.026748 0.978015 -0.206814 13.157000 0.051647 0.205260 0.977344 0.957400 0.000000 0.000000 0.000000 1.000000
0.998395 -0.040528 -0.039556 -0.023100 0.031398 0.977419 -0.208965 13.157000 0.047132 0.207388 0.977123 0.957400 0.000000 0.000000 0.000000 1.000000
0.998442 -0.043536 -0.034895 -0.023100 0.035212 0.976811 -0.211187 13.157000 0.043280 0.209630 0.976823 0.957400 0.000000 0.000000 0.000000 1.000000
0.998450 -0.046833 -0.030065 -0.023100 0.039361 0.976168 -0.213417 13.157000 0.039344 0.211903 0.976498 0.957400 0.000000 0.000000 0.000000 1.000000</float_array><technique_common><accessor source="#Spine-Matrix-animation-output-transform-array" count="47" stride="16"><param type="float4x4"/></accessor></technique_common></source><source id="Spine-Interpolations"><Name_array id="Spine-Interpolations-array" count="47">
 LINEAR LINEAR LINEAR LINEAR LINEAR LINEAR LINEAR LINEAR LINEAR LINEAR LINEAR
LINEAR LINEAR LINEAR LINEAR LINEAR LINEAR LINEAR LINEAR LINEAR LINEAR LINEAR LINEAR
LINEAR LINEAR LINEAR LINEAR LINEAR LINEAR LINEAR LINEAR LINEAR LINEAR LINEAR LINEAR
LINEAR LINEAR LINEAR LINEAR LINEAR LINEAR LINEAR LINEAR LINEAR LINEAR LINEAR LINEAR</Name_array><technique_common><accessor source="#Spine-Interpolations-array" count="47"><param type="name"/></accessor></technique_common></source><sampler id="Spine-Matrix-animation-transform"><input semantic="INPUT" source="#Spine-Matrix-animation-input"/><input semantic="OUTPUT" source="#Spine-Matrix-animation-output-transform"/><input semantic="INTERPOLATION" source="#Spine-Interpolations"/></sampler><channel source="#Spine-Matrix-animation-transform" target="Spine/matrix"/></animation>
    <animation id="Spine1-anim" name="Spine1"><source id="Spine1-Matrix-animation-input"><float_array id="Spine1-Matrix-animation-input-array" count="47">

0.000000 0.033333 0.066667 0.100000 0.133333 0.166667 0.200000 0.233333 0.266667 0.300000 0.333333 0.366667 0.400000 0.433333 0.466667 0.500000
0.533333 0.566667 0.600000 0.633333 0.666667 0.700000 0.733333 0.766667 0.800000 0.833333 0.866667 0.900000 0.933333 0.966667 1.000000 1.033333
1.066667 1.100000 1.133333 1.166667 1.200000 1.233333 1.266667 1.300000 1.333333 1.366667 1.400000 1.433333 1.466667 1.500000 1.533333</float_array><technique_common><accessor source="#Spine1-Matrix-animation-input-array" count="47"><param name="TIME" type="float"/></accessor></technique_common></source><source id="Spine1-Matrix-animation-output-transform"><float_array id="Spine1-Matrix-animation-output-transform-array" count="752">

0.995747 -0.061651 -0.068459 -0.026900 0.028199 0.911385 -0.410588 9.893700 0.087706 0.406911 0.909247 0.057400 0.000000 0.000000 0.000000 1.000000
0.995303 -0.073165 -0.063387 -0.026900 0.040633 0.910075 -0.412446 9.893700 0.087863 0.407933 0.908774 0.057400 0.000000 0.000000 0.000000 1.000000
0.994637 -0.080623 -0.064788 -0.026900 0.046741 0.909165 -0.413805 9.893700 0.092265 0.408558 0.908057 0.057400 0.000000 0.000000 0.000000 1.000000
0.993560 -0.085248 -0.074639 -0.026900 0.046867 0.908945 -0.414274 9.893700 0.103159 0.408108 0.907086 0.057400 0.000000 0.000000 0.000000 1.000000
0.991791 -0.089392 -0.091431 -0.026900 0.043905 0.909630 -0.413092 9.893700 0.120096 0.405687 0.906088 0.057400 0.000000 0.000000 0.000000 1.000000
0.989288 -0.095839 -0.110106 -0.026900 0.042606 0.911019 -0.410158 9.893700 0.139618 0.401073 0.905344 0.057400 0.000000 0.000000 0.000000 1.000000
0.986379 -0.106298 -0.125525 -0.026900 0.046592 0.912436 -0.406558 9.893700 0.157750 0.395172 0.904961 0.057400 0.000000 0.000000 0.000000 1.000000
0.983485 -0.120422 -0.135117 -0.026900 0.056356 0.913174 -0.403655 9.893700 0.171994 0.389374 0.904879 0.057400 0.000000 0.000000 0.000000 1.000000
0.980850 -0.136271 -0.139156 -0.026900 0.069773 0.912900 -0.402176 9.893700 0.181840 0.384765 0.904925 0.057400 0.000000 0.000000 0.000000 1.000000
0.978494 -0.151683 -0.139795 -0.026900 0.083868 0.911701 -0.402202 9.893700 0.188458 0.381828 0.904815 0.057400 0.000000 0.000000 0.000000 1.000000
0.976333 -0.164922 -0.139912 -0.026900 0.095992 0.910154 -0.402996 9.893700 0.193805 0.380028 0.904444 0.057400 0.000000 0.000000 0.000000 1.000000
0.974352 -0.174768 -0.141755 -0.026900 0.104553 0.909407 -0.402553 9.893700 0.199266 0.377407 0.904354 0.057400 0.000000 0.000000 0.000000 1.000000
0.972676 -0.180760 -0.145696 -0.026900 0.109518 0.910576 -0.398570 9.893700 0.204712 0.371723 0.905491 0.057400 0.000000 0.000000 0.000000 1.000000
0.971538 -0.183195 -0.150179 -0.026900 0.111872 0.913656 -0.390791 9.893700 0.208803 0.362867 0.908146 0.057400 0.000000 0.000000 0.000000 1.000000
0.971199 -0.182590 -0.153082 -0.026900 0.112315 0.917430 -0.381716 9.893700 0.210139 0.353529 0.911514 0.057400 0.000000 0.000000 0.000000 1.000000
0.971760 -0.179403 -0.153288 -0.026900 0.110936 0.920669 -0.374248 9.893700 0.208269 0.346674 0.914571 0.057400 0.000000 0.000000 0.000000 1.000000
0.973000 -0.174450 -0.151120 -0.026900 0.108170 0.923069 -0.369110 9.893700 0.203886 0.342797 0.917017 0.057400 0.000000 0.000000 0.000000 1.000000
0.974505 -0.168963 -0.147619 -0.026900 0.105084 0.925030 -0.365070 9.893700 0.198235 0.340250 0.919202 0.057400 0.000000 0.000000 0.000000 1.000000
0.976024 -0.163484 -0.143702 -0.026900 0.102091 0.926916 -0.361114 9.893700 0.192236 0.337785 0.921383 0.057400 0.000000 0.000000 0.000000 1.000000
0.977597 -0.157268 -0.139899 -0.026900 0.098225 0.928692 -0.357608 9.893700 0.186163 0.335855 0.923333 0.057400 0.000000 0.000000 0.000000 1.000000
0.979256 -0.149774 -0.136471 -0.026900 0.092711 0.930073 -0.355484 9.893700 0.180171 0.335458 0.924666 0.057400 0.000000 0.000000 0.000000 1.000000
0.980818 -0.142094 -0.133433 -0.026900 0.086557 0.930844 -0.355016 9.893700 0.174652 0.336657 0.925289 0.057400 0.000000 0.000000 0.000000 1.000000
0.982131 -0.135627 -0.130477 -0.026900 0.081310 0.931038 -0.355748 9.893700 0.169728 0.338782 0.925429 0.057400 0.000000 0.000000 0.000000 1.000000
0.983370 -0.129646 -0.127184 -0.026900 0.076500 0.930830 -0.357355 9.893700 0.164716 0.341683 0.925268 0.057400 0.000000 0.000000 0.000000 1.000000
0.984887 -0.121528 -0.123404 -0.026900 0.069668 0.930295 -0.360136 9.893700 0.158568 0.346096 0.924702 0.057400 0.000000 0.000000 0.000000 1.000000
0.986758 -0.109960 -0.119238 -0.026900 0.059549 0.929385 -0.364277 9.893700 0.150874 0.352352 0.923626 0.057400 0.000000 0.000000 0.000000 1.000000
0.988654 -0.096908 -0.114767 -0.026900 0.048165 0.928232 -0.368872 9.893700 0.142277 0.359159 0.922368 0.057400 0.000000 0.000000 0.000000 1.000000
0.990220 -0.085596 -0.110168 -0.026900 0.038774 0.927406 -0.372042 9.893700 0.134016 0.364132 0.921655 0.057400 0.000000 0.000000 0.000000 1.000000
0.991353 -0.077184 -0.106122 -0.026900 0.032408 0.927678 -0.371971 9.893700 0.127157 0.365316 0.922158 0.057400 0.000000 0.000000 0.000000 1.000000
0.992121 -0.070168 -0.103792 -0.026900 0.027232 0.929417 -0.368025 9.893700 0.122290 0.362299 0.924005 0.057400 0.000000 0.000000 0.000000 1.000000
0.992590 -0.062544 -0.104181 -0.026900 0.020783 0.932113 -0.361572 9.893700 0.119722 0.356727 0.926505 0.057400 0.000000 0.000000 0.000000 1.000000
0.992801 -0.053382 -0.107224 -0.026900 0.011801 0.934434 -0.355940 9.893700 0.119194 0.352112 0.928337 0.057400 0.000000 0.000000 0.000000 1.000000
0.992877 -0.042611 -0.111261 -0.026900 0.000384 0.934997 -0.354656 9.893700 0.119140 0.352087 0.928354 0.057400 0.000000 0.000000 0.000000 1.000000
0.993023 -0.030831 -0.113815 -0.026900 -0.012138 0.933358 -0.358742 9.893700 0.117290 0.357621 0.926472 0.057400 0.000000 0.000000 0.000000 1.000000
0.993303 -0.019939 -0.113809 -0.026900 -0.023250 0.930357 -0.365916 9.893700 0.113179 0.366111 0.923663 0.057400 0.000000 0.000000 0.000000 1.000000
0.993496 -0.013181 -0.113100 -0.026900 -0.030151 0.927368 -0.372933 9.893700 0.109802 0.373918 0.920939 0.057400 0.000000 0.000000 0.000000 1.000000
0.993290 -0.012881 -0.114932 -0.026900 -0.031686 0.925442 -0.377563 9.893700 0.111226 0.378671 0.918824 0.057400 0.000000 0.000000 0.000000 1.000000
0.992568 -0.018654 -0.120254 -0.026900 -0.028583 0.924802 -0.379374 9.893700 0.118288 0.379991 0.917395 0.057400 0.000000 0.000000 0.000000 1.000000
0.991597 -0.028167 -0.126263 -0.026900 -0.022078 0.924845 -0.379703 9.893700 0.127468 0.379300 0.916452 0.057400 0.000000 0.000000 0.000000 1.000000
0.990962 -0.036563 -0.129062 -0.026900 -0.015428 0.924684 -0.380423 9.893700 0.133251 0.378976 0.915763 0.057400 0.000000 0.000000 0.000000 1.000000
0.991016 -0.042130 -0.126933 -0.026900 -0.009736 0.923845 -0.382644 9.893700 0.133387 0.380442 0.915135 0.057400 0.000000 0.000000 0.000000 1.000000
0.991616 -0.046342 -0.120622 -0.026900 -0.003878 0.922384 -0.386255 9.893700 0.129159 0.383485 0.914471 0.057400 0.000000 0.000000 0.000000 1.000000
0.992507 -0.049589 -0.111672 -0.026900 0.002042 0.920547 -0.390627 9.893700 0.122170 0.387472 0.913750 0.057400 0.000000 0.000000 0.000000 1.000000
0.993474 -0.052332 -0.101340 -0.026900 0.008048 0.918474 -0.395399 9.893700 0.113771 0.392003 0.912902 0.057400 0.000000 0.000000 0.000000 1.000000
0.994384 -0.054982 -0.090434 -0.026900 0.014248 0.916233 -0.400393 9.893700 0.104873 0.396856 0.911870 0.057400 0.000000 0.000000 0.000000 1.000000
0.995153 -0.058028 -0.079395 -0.026900 0.020932 0.913838 -0.405539 9.893700 0.096086 0.401911 0.910623 0.057400 0.000000 0.000000 0.000000 1.000000
0.995747 -0.061651 -0.068459 -0.026900 0.028199 0.911385 -0.410588 9.893700 0.087706 0.406911 0.909247 0.057400 0.000000 0.000000 0.000000 1.000000</float_array><technique_common><accessor source="#Spine1-Matrix-animation-output-transform-array" count="47" stride="16"><param type="float4x4"/></accessor></technique_common></source><source id="Spine1-Interpolations"><Name_array id="Spine1-Interpolations-array" count="47">
 LINEAR LINEAR LINEAR LINEAR LINEAR LINEAR LINEAR LINEAR LINEAR LINEAR LINEAR
LINEAR LINEAR LINEAR LINEAR LINEAR LINEAR LINEAR LINEAR LINEAR LINEAR LINEAR LINEAR
LINEAR LINEAR LINEAR LINEAR LINEAR LINEAR LINEAR LINEAR LINEAR LINEAR LINEAR LINEAR
LINEAR LINEAR LINEAR LINEAR LINEAR LINEAR LINEAR LINEAR LINEAR LINEAR LINEAR LINEAR</Name_array><technique_common><accessor source="#Spine1-Interpolations-array" count="47"><param type="name"/></accessor></technique_common></source><sampler id="Spine1-Matrix-animation-transform"><input semantic="INPUT" source="#Spine1-Matrix-animation-input"/><input semantic="OUTPUT" source="#Spine1-Matrix-animation-output-transform"/><input semantic="INTERPOLATION" source="#Spine1-Interpolations"/></sampler><channel source="#Spine1-Matrix-animation-transform" target="Spine1/matrix"/></animation>
    <animation id="Spine2-anim" name="Spine2"><source id="Spine2-Matrix-animation-input"><float_array id="Spine2-Matrix-animation-input-array" count="47">

0.000000 0.033333 0.066667 0.100000 0.133333 0.166667 0.200000 0.233333 0.266667 0.300000 0.333333 0.366667 0.400000 0.433333 0.466667 0.500000
0.533333 0.566667 0.600000 0.633333 0.666667 0.700000 0.733333 0.766667 0.800000 0.833333 0.866667 0.900000 0.933333 0.966667 1.000000 1.033333
1.066667 1.100000 1.133333 1.166667 1.200000 1.233333 1.266667 1.300000 1.333333 1.366667 1.400000 1.433333 1.466667 1.500000 1.533333</float_array><technique_common><accessor source="#Spine2-Matrix-animation-input-array" count="47"><param name="TIME" type="float"/></accessor></technique_common></source><source id="Spine2-Matrix-animation-output-transform"><float_array id="Spine2-Matrix-animation-output-transform-array" count="752">

0.996045 -0.060226 -0.065317 -0.030800 0.028127 0.911120 -0.411180 10.495100 0.084276 0.407717 0.909211 -0.023100 0.000000 0.000000 0.000000 1.000000
0.995668 -0.071432 -0.059523 -0.030800 0.040570 0.909760 -0.413147 10.495100 0.083664 0.408942 0.908717 -0.023100 0.000000 0.000000 0.000000 1.000000
0.995008 -0.078904 -0.061101 -0.030800 0.046619 0.908854 -0.414501 10.495100 0.088238 0.409583 0.907995 -0.023100 0.000000 0.000000 0.000000 1.000000
0.993935 -0.083609 -0.071428 -0.030800 0.046612 0.908635 -0.414981 10.495100 0.099598 0.409135 0.907022 -0.023100 0.000000 0.000000 0.000000 1.000000
0.992212 -0.087687 -0.088464 -0.030800 0.043454 0.909280 -0.413910 10.495100 0.116733 0.406843 0.906009 -0.023100 0.000000 0.000000 0.000000 1.000000
0.989808 -0.093908 -0.107054 -0.030800 0.041919 0.910586 -0.411188 10.495100 0.136096 0.402509 0.905243 -0.023100 0.000000 0.000000 0.000000 1.000000
0.987023 -0.104102 -0.122264 -0.030800 0.045661 0.911913 -0.407836 10.495100 0.153951 0.396961 0.904832 -0.023100 0.000000 0.000000 0.000000 1.000000
0.984246 -0.118006 -0.131658 -0.030800 0.055215 0.912573 -0.405168 10.495100 0.167960 0.391516 0.904712 -0.023100 0.000000 0.000000 0.000000 1.000000
0.981722 -0.133695 -0.135457 -0.030800 0.068500 0.912230 -0.403912 10.495100 0.177568 0.387250 0.904714 -0.023100 0.000000 0.000000 0.000000 1.000000
0.979477 -0.148989 -0.135747 -0.030800 0.082554 0.910957 -0.404157 10.495100 0.183875 0.384656 0.904560 -0.023100 0.000000 0.000000 0.000000 1.000000
0.977410 -0.162150 -0.135565 -0.030800 0.094668 0.909345 -0.405128 10.495100 0.188967 0.383142 0.904153 -0.023100 0.000000 0.000000 0.000000 1.000000
0.975464 -0.171971 -0.137462 -0.030800 0.103145 0.908591 -0.404751 10.495100 0.194502 0.380641 0.904036 -0.023100 0.000000 0.000000 0.000000 1.000000
0.973734 -0.178003 -0.141978 -0.030800 0.107902 0.909844 -0.400676 10.495100 0.200500 0.374832 0.905152 -0.023100 0.000000 0.000000 0.000000 1.000000
0.972462 -0.180533 -0.147396 -0.030800 0.109991 0.913079 -0.392670 10.495100 0.205474 0.365644 0.907791 -0.023100 0.000000 0.000000 0.000000 1.000000
0.971970 -0.180046 -0.151187 -0.030800 0.110239 0.917009 -0.383331 10.495100 0.207657 0.355920 0.911153 -0.023100 0.000000 0.000000 0.000000 1.000000
0.972421 -0.176972 -0.151913 -0.030800 0.108808 0.920346 -0.375665 10.495100 0.206295 0.348775 0.914220 -0.023100 0.000000 0.000000 0.000000 1.000000
0.973600 -0.172121 -0.149923 -0.030800 0.106099 0.922788 -0.370411 10.495100 0.202103 0.344726 0.916689 -0.023100 0.000000 0.000000 0.000000 1.000000
0.975059 -0.166724 -0.146504 -0.030800 0.103091 0.924774 -0.366285 10.495100 0.196552 0.342046 0.918897 -0.023100 0.000000 0.000000 0.000000 1.000000
0.976527 -0.161315 -0.142733 -0.030800 0.100138 0.926693 -0.362233 10.495100 0.190703 0.339438 0.921094 -0.023100 0.000000 0.000000 0.000000 1.000000
0.978051 -0.155133 -0.139107 -0.030800 0.096267 0.928504 -0.358628 10.495100 0.184797 0.337365 0.923058 -0.023100 0.000000 0.000000 0.000000 1.000000
0.979679 -0.147624 -0.135781 -0.030800 0.090723 0.929905 -0.356434 10.495100 0.178881 0.336873 0.924402 -0.023100 0.000000 0.000000 0.000000 1.000000
0.981232 -0.139890 -0.132717 -0.030800 0.084538 0.930675 -0.355945 10.495100 0.173309 0.338045 0.925035 -0.023100 0.000000 0.000000 0.000000 1.000000
0.982548 -0.133370 -0.129658 -0.030800 0.079285 0.930855 -0.356682 10.495100 0.168264 0.340177 0.925185 -0.023100 0.000000 0.000000 0.000000 1.000000
0.983787 -0.127379 -0.126243 -0.030800 0.074520 0.930633 -0.358286 10.495100 0.163124 0.343070 0.925037 -0.023100 0.000000 0.000000 0.000000 1.000000
0.985294 -0.119295 -0.122327 -0.030800 0.067787 0.930085 -0.361037 10.495100 0.156844 0.347435 0.924494 -0.023100 0.000000 0.000000 0.000000 1.000000
0.987146 -0.107783 -0.118004 -0.030800 0.057805 0.929163 -0.365122 10.495100 0.148999 0.353608 0.923450 -0.023100 0.000000 0.000000 0.000000 1.000000
0.989016 -0.094803 -0.113397 -0.030800 0.046572 0.928003 -0.369650 10.495100 0.140277 0.360308 0.922226 -0.023100 0.000000 0.000000 0.000000 1.000000
0.990548 -0.083596 -0.108751 -0.030800 0.037326 0.927184 -0.372742 10.495100 0.131992 0.365159 0.921540 -0.023100 0.000000 0.000000 0.000000 1.000000
0.991642 -0.075317 -0.104750 -0.030800 0.031085 0.927475 -0.372591 10.495100 0.125216 0.366221 0.922065 -0.023100 0.000000 0.000000 0.000000 1.000000
0.992379 -0.068416 -0.102489 -0.030800 0.025996 0.929230 -0.368585 10.495100 0.120452 0.363112 0.923927 -0.023100 0.000000 0.000000 0.000000 1.000000
0.992832 -0.060839 -0.102873 -0.030800 0.019587 0.931929 -0.362112 10.495100 0.117901 0.357502 0.926440 -0.023100 0.000000 0.000000 0.000000 1.000000
0.993045 -0.051659 -0.105794 -0.030800 0.010620 0.934235 -0.356500 10.495100 0.117253 0.352898 0.928286 -0.023100 0.000000 0.000000 0.000000 1.000000
0.993129 -0.040863 -0.109662 -0.030800 -0.000764 0.934775 -0.355240 10.495100 0.117026 0.352883 0.928320 -0.023100 0.000000 0.000000 0.000000 1.000000
0.993266 -0.029114 -0.112137 -0.030800 -0.013214 0.933125 -0.359309 10.495100 0.115099 0.358371 0.926457 -0.023100 0.000000 0.000000 0.000000 1.000000
0.993513 -0.018322 -0.112234 -0.030800 -0.024238 0.930140 -0.366404 10.495100 0.111107 0.366747 0.923662 -0.023100 0.000000 0.000000 0.000000 1.000000
0.993669 -0.011643 -0.111738 -0.030800 -0.031117 0.927180 -0.373322 10.495100 0.107948 0.374435 0.920948 -0.023100 0.000000 0.000000 0.000000 1.000000
0.993439 -0.011335 -0.113803 -0.030800 -0.032729 0.925279 -0.377873 10.495100 0.109582 0.379118 0.918837 -0.023100 0.000000 0.000000 0.000000 1.000000
0.992707 -0.017042 -0.119343 -0.030800 -0.029767 0.924655 -0.379642 10.495100 0.116821 0.380425 0.917404 -0.023100 0.000000 0.000000 0.000000 1.000000
0.991742 -0.026471 -0.125491 -0.030800 -0.023398 0.924704 -0.379968 10.495100 0.126100 0.379767 0.916448 -0.023100 0.000000 0.000000 0.000000 1.000000
0.991126 -0.034815 -0.128289 -0.030800 -0.016805 0.924533 -0.380732 10.495100 0.131862 0.379510 0.915743 -0.023100 0.000000 0.000000 0.000000 1.000000
0.991213 -0.040400 -0.125952 -0.030800 -0.011027 0.923660 -0.383053 10.495100 0.131813 0.381076 0.915099 -0.023100 0.000000 0.000000 0.000000 1.000000
0.991853 -0.044684 -0.119296 -0.030800 -0.004977 0.922159 -0.386779 10.495100 0.127293 0.384222 0.914423 -0.023100 0.000000 0.000000 0.000000 1.000000
0.992774 -0.048019 -0.109969 -0.030800 0.001177 0.920293 -0.391228 10.495100 0.119990 0.388272 0.913700 -0.023100 0.000000 0.000000 0.000000 1.000000
0.993759 -0.050833 -0.099294 -0.030800 0.007399 0.918213 -0.396019 10.495100 0.111304 0.392813 0.912858 -0.023100 0.000000 0.000000 0.000000 1.000000
0.994675 -0.053533 -0.088072 -0.030800 0.013792 0.915976 -0.400996 10.495100 0.102139 0.397646 0.911836 -0.023100 0.000000 0.000000 0.000000 1.000000
0.995450 -0.056594 -0.076661 -0.030800 0.020663 0.913581 -0.406131 10.495100 0.093021 0.402698 0.910594 -0.023100 0.000000 0.000000 0.000000 1.000000
0.996045 -0.060226 -0.065317 -0.030800 0.028127 0.911120 -0.411181 10.495100 0.084276 0.407717 0.909211 -0.023100 0.000000 0.000000 0.000000 1.000000</float_array><technique_common><accessor source="#Spine2-Matrix-animation-output-transform-array" count="47" stride="16"><param type="float4x4"/></accessor></technique_common></source><source id="Spine2-Interpolations"><Name_array id="Spine2-Interpolations-array" count="47">
 LINEAR LINEAR LINEAR LINEAR LINEAR LINEAR LINEAR LINEAR LINEAR LINEAR LINEAR
LINEAR LINEAR LINEAR LINEAR LINEAR LINEAR LINEAR LINEAR LINEAR LINEAR LINEAR LINEAR
LINEAR LINEAR LINEAR LINEAR LINEAR LINEAR LINEAR LINEAR LINEAR LINEAR LINEAR LINEAR
LINEAR LINEAR LINEAR LINEAR LINEAR LINEAR LINEAR LINEAR LINEAR LINEAR LINEAR LINEAR</Name_array><technique_common><accessor source="#Spine2-Interpolations-array" count="47"><param type="name"/></accessor></technique_common></source><sampler id="Spine2-Matrix-animation-transform"><input semantic="INPUT" source="#Spine2-Matrix-animation-input"/><input semantic="OUTPUT" source="#Spine2-Matrix-animation-output-transform"/><input semantic="INTERPOLATION" source="#Spine2-Interpolations"/></sampler><channel source="#Spine2-Matrix-animation-transform" target="Spine2/matrix"/></animation>
    <animation id="Neck-anim" name="Neck"><source id="Neck-Matrix-animation-input"><float_array id="Neck-Matrix-animation-input-array" count="47">

0.000000 0.033333 0.066667 0.100000 0.133333 0.166667 0.200000 0.233333 0.266667 0.300000 0.333333 0.366667 0.400000 0.433333 0.466667 0.500000
0.533333 0.566667 0.600000 0.633333 0.666667 0.700000 0.733333 0.766667 0.800000 0.833333 0.866667 0.900000 0.933333 0.966667 1.000000 1.033333
1.066667 1.100000 1.133333 1.166667 1.200000 1.233333 1.266667 1.300000 1.333333 1.366667 1.400000 1.433333 1.466667 1.500000 1.533333</float_array><technique_common><accessor source="#Neck-Matrix-animation-input-array" count="47"><param name="TIME" type="float"/></accessor></technique_common></source><source id="Neck-Matrix-animation-output-transform"><float_array id="Neck-Matrix-animation-output-transform-array" count="752">

0.999796 -0.019546 0.005012 -0.034600 0.019585 0.999778 -0.007826 26.822201 -0.004858 0.007923 0.999957 -4.745300 0.000000 0.000000 0.000000 1.000000
0.999807 -0.001160 0.019597 -0.034600 0.001311 0.999970 -0.007684 26.822201 -0.019588 0.007708 0.999778 -4.745300 0.000000 0.000000 0.000000 1.000000
0.999526 0.001951 0.030735 -0.034600 -0.001803 0.999987 -0.004849 26.822201 -0.030744 0.004791 0.999516 -4.745300 0.000000 0.000000 0.000000 1.000000
0.999282 -0.014384 0.035041 -0.034600 0.014331 0.999896 0.001777 26.822201 -0.035063 -0.001274 0.999384 -4.745300 0.000000 0.000000 0.000000 1.000000
0.998523 -0.043392 0.032683 -0.034600 0.043115 0.999029 0.009117 26.822201 -0.033047 -0.007695 0.999424 -4.745300 0.000000 0.000000 0.000000 1.000000
0.997159 -0.069995 0.027845 -0.034600 0.069670 0.997492 0.012481 26.822201 -0.028648 -0.010506 0.999534 -4.745300 0.000000 0.000000 0.000000 1.000000
0.996140 -0.084291 0.024478 -0.034600 0.084032 0.996397 0.011435 26.822201 -0.025354 -0.009333 0.999635 -4.745300 0.000000 0.000000 0.000000 1.000000
0.995779 -0.088892 0.022854 -0.034600 0.088678 0.996008 0.010231 26.822201 -0.023672 -0.008161 0.999686 -4.745300 0.000000 0.000000 0.000000 1.000000
0.995408 -0.093479 0.020585 -0.034600 0.093214 0.995555 0.013477 26.822201 -0.021753 -0.011496 0.999697 -4.745300 0.000000 0.000000 0.000000 1.000000
0.994481 -0.103667 0.016120 -0.034600 0.103297 0.994401 0.022301 26.822201 -0.018341 -0.020512 0.999621 -4.745300 0.000000 0.000000 0.000000 1.000000
0.993167 -0.116222 0.010563 -0.034600 0.115807 0.992697 0.033772 26.822201 -0.014411 -0.032318 0.999374 -4.745300 0.000000 0.000000 0.000000 1.000000
0.992213 -0.124396 0.006277 -0.034600 0.124009 0.991326 0.043532 26.822201 -0.011637 -0.042415 0.999032 -4.745300 0.000000 0.000000 0.000000 1.000000
0.992112 -0.125274 0.004587 -0.034600 0.124904 0.990968 0.048798 26.822201 -0.010659 -0.047840 0.998798 -4.745300 0.000000 0.000000 0.000000 1.000000
0.992632 -0.121059 0.005176 -0.034600 0.120659 0.991465 0.049382 26.822201 -0.011110 -0.048394 0.998767 -4.745300 0.000000 0.000000 0.000000 1.000000
0.993275 -0.115576 0.006918 -0.034600 0.115128 0.992238 0.047002 26.822201 -0.012296 -0.045890 0.998871 -4.745300 0.000000 0.000000 0.000000 1.000000
0.993770 -0.111104 0.008810 -0.034600 0.110614 0.992883 0.044124 26.822201 -0.013650 -0.042875 0.998987 -4.745300 0.000000 0.000000 0.000000 1.000000
0.994129 -0.107699 0.010409 -0.034600 0.107162 0.993317 0.042875 26.822201 -0.014957 -0.041508 0.999026 -4.745300 0.000000 0.000000 0.000000 1.000000
0.994446 -0.104600 0.011652 -0.034600 0.103992 0.993596 0.044197 26.822201 -0.016200 -0.042740 0.998955 -4.745300 0.000000 0.000000 0.000000 1.000000
