<?xml version="1.0" encoding="utf-8"?>
<COLLADA xmlns="http://www.collada.org/2005/11/COLLADASchema" version="1.4.1">
  <asset><contributor><author>Mixamo</author><authoring_tool>COLLADA Mixamo exporter</authoring_tool><comments></comments></contributor><created>2019-05-10T17:20:36Z</created><modified>2019-05-10T17:20:36Z</modified><revision></revision><title></title><unit meter="0.010000"/><up_axis>Y_UP</up_axis></asset>
  <library_animations>
    <animation id="Hips-anim" name="Hips"><source id="Hips-Matrix-animation-input"><float_array id="Hips-Matrix-animation-input-array" count="31">

0.000000 0.033333 0.066667 0.100000 0.133333 0.166667 0.200000 0.233333 0.266667 0.300000 0.333333 0.366667 0.400000 0.433333 0.466667 0.500000
0.533333 0.566667 0.600000 0.633333 0.666667 0.700000 0.733333 0.766667 0.800000 0.833333 0.866667 0.900000 0.933333 0.966667 1.000000</float_array><technique_common><accessor source="#Hips-Matrix-animation-input-array" count="31"><param name="TIME" type="float"/></accessor></technique_common></source><source id="Hips-Matrix-animation-output-transform"><float_array id="Hips-Matrix-animation-output-transform-array" count="496">

0.997311 0.062654 0.038023 0.412686 -0.063979 0.997347 0.034712 108.777298 -0.035747 -0.037051 0.998674 1.346896 0.000000 0.000000 0.000000 1.000000
0.998504 0.053973 0.008722 0.647940 -0.054204 0.998112 0.028889 108.753525 -0.007146 -0.029319 0.999545 0.568052 0.000000 0.000000 0.000000 1.000000
0.998702 0.047753 -0.017694 0.900186 -0.047378 0.998656 0.021019 108.548401 0.018674 -0.020154 0.999622 -0.035025 0.000000 0.000000 0.000000 1.000000
0.998015 0.046882 -0.042039 1.170418 -0.046369 0.998839 0.013097 108.130630 0.042604 -0.011122 0.999030 -0.521239 0.000000 0.000000 0.000000 1.000000
0.996796 0.049196 -0.063066 1.435994 -0.048791 0.998777 0.007934 107.487740 0.063380 -0.004831 0.997978 -0.950741 0.000000 0.000000 0.000000 1.000000
0.995965 0.045222 -0.077521 1.662169 -0.044783 0.998969 0.007396 106.650925 0.077776 -0.003895 0.996963 -1.319996 0.000000 0.000000 0.000000 1.000000
0.996001 0.028559 -0.084649 1.835693 -0.027675 0.999550 0.011599 105.819588 0.084942 -0.009210 0.996343 -1.525010 0.000000 0.000000 0.000000 1.000000
0.995985 0.000472 -0.089524 1.992913 0.001279 0.999809 0.019496 105.124115 0.089516 -0.019532 0.995794 -1.466119 0.000000 0.000000 0.000000 1.000000
0.994662 -0.029407 -0.098909 2.182752 0.032398 0.999061 0.028764 104.526154 0.097970 -0.031815 0.994681 -0.992004 0.000000 0.000000 0.000000 1.000000
0.991952 -0.057594 -0.112758 2.394086 0.062058 0.997406 0.036484 104.258652 0.110364 -0.043188 0.992952 -0.460175 0.000000 0.000000 0.000000 1.000000
0.988934 -0.080026 -0.124918 2.591500 0.085758 0.995464 0.041192 104.455116 0.121055 -0.051449 0.991312 0.002949 0.000000 0.000000 0.000000 1.000000
0.986642 -0.096985 -0.130886 2.741030 0.103478 0.993670 0.043736 105.018867 0.125816 -0.056695 0.990432 0.115089 0.000000 0.000000 0.000000 1.000000
0.986064 -0.105095 -0.128966 2.844252 0.111850 0.992647 0.046281 105.985931 0.123154 -0.060061 0.990568 -0.063628 0.000000 0.000000 0.000000 1.000000
0.987542 -0.102197 -0.119655 2.896080 0.108792 0.992810 0.049931 107.137741 0.113692 -0.062326 0.991559 -0.310076 0.000000 0.000000 0.000000 1.000000
0.990610 -0.090565 -0.102423 2.890807 0.096409 0.993897 0.053617 108.118767 0.096942 -0.062988 0.993295 -0.530285 0.000000 0.000000 0.000000 1.000000
0.994203 -0.075366 -0.076682 2.822145 0.079672 0.995317 0.054740 108.643562 0.072198 -0.060532 0.995552 -0.749223 0.000000 0.000000 0.000000 1.000000
0.997277 -0.059103 -0.044104 2.701452 0.061329 0.996816 0.050963 108.741501 0.040952 -0.053529 0.997726 -0.930111 0.000000 0.000000 0.000000 1.000000
0.999028 -0.043236 -0.008637 2.540337 0.043563 0.998165 0.042051 108.571251 0.006803 -0.042387 0.999078 -1.006102 0.000000 0.000000 0.000000 1.000000
0.999209 -0.029981 0.026131 2.345581 0.029178 0.999106 0.030576 108.176376 -0.027025 -0.029790 0.999191 -0.969624 0.000000 0.000000 0.000000 1.000000
0.998125 -0.019287 0.058087 2.129671 0.018128 0.999627 0.020415 107.469810 -0.058459 -0.019324 0.998103 -0.859913 0.000000 0.000000 0.000000 1.000000
0.996255 -0.008960 0.085993 1.915017 0.007779 0.999871 0.014055 106.326492 -0.086108 -0.013333 0.996197 -0.546622 0.000000 0.000000 0.000000 1.000000
0.994186 0.005316 0.107541 1.729810 -0.006592 0.999912 0.011511 105.010300 -0.107470 -0.012153 0.994134 0.062531 0.000000 0.000000 0.000000 1.000000
0.992419 0.025975 0.120127 1.538068 -0.027599 0.999549 0.011871 103.934349 -0.119764 -0.015097 0.992688 0.852908 0.000000 0.000000 0.000000 1.000000
0.991256 0.049313 0.122393 1.232336 -0.051520 0.998560 0.014934 103.417686 -0.121480 -0.021109 0.992369 1.719121 0.000000 0.000000 0.000000 1.000000
0.990720 0.071410 0.115652 0.860150 -0.074297 0.997018 0.020845 103.570671 -0.113819 -0.029244 0.993071 2.366582 0.000000 0.000000 0.000000 1.000000
0.990607 0.087397 0.105162 0.444370 -0.090846 0.995458 0.028459 104.289276 -0.102197 -0.037745 0.994048 2.655788 0.000000 0.000000 0.000000 1.000000
0.990598 0.095815 0.097643 0.092467 -0.099619 0.994415 0.034850 105.364365 -0.093759 -0.044249 0.994611 2.493066 0.000000 0.000000 0.000000 1.000000
0.991132 0.094332 0.093591 -0.087244 -0.098209 0.994451 0.037717 106.606499 -0.089513 -0.046574 0.994896 2.125886 0.000000 0.000000 0.000000 1.000000
0.992619 0.084898 0.086604 -0.052286 -0.088398 0.995383 0.037407 107.715729 -0.083028 -0.044787 0.995540 1.790584 0.000000 0.000000 0.000000 1.000000
0.994933 0.072900 0.069242 0.145055 -0.075511 0.996500 0.035862 108.460419 -0.066386 -0.040909 0.996955 1.543648 0.000000 0.000000 0.000000 1.000000
0.997311 0.062654 0.038023 0.412686 -0.063979 0.997347 0.034712 108.777298 -0.035747 -0.037051 0.998674 1.346896 0.000000 0.000000 0.000000 1.000000</float_array><technique_common><accessor source="#Hips-Matrix-animation-output-transform-array" count="31" stride="16"><param type="float4x4"/></accessor></technique_common></source><source id="Hips-Interpolations"><Name_array id="Hips-Interpolations-array" count="31">
 LINEAR LINEAR LINEAR LINEAR LINEAR LINEAR LINEAR LINEAR LINEAR LINEAR LINEAR
LINEAR LINEAR LINEAR LINEAR LINEAR LINEAR LINEAR LINEAR LINEAR LINEAR LINEAR LINEAR
LINEAR LINEAR LINEAR LINEAR LINEAR LINEAR LINEAR LINEAR</Name_array><technique_common><accessor source="#Hips-Interpolations-array" count="31"><param type="name"/></accessor></technique_common></source><sampler id="Hips-Matrix-animation-transform"><input semantic="INPUT" source="#Hips-Matrix-animation-input"/><input semantic="OUTPUT" source="#Hips-Matrix-animation-output-transform"/><input semantic="INTERPOLATION" source="#Hips-Interpolations"/></sampler><channel source="#Hips-Matrix-animation-transform" target="Hips/matrix"/></animation>
    <animation id="Spine-anim" name="Spine"><source id="Spine-Matrix-animation-input"><float_array id="Spine-Matrix-animation-input-array" count="31">

0.000000 0.033333 0.066667 0.100000 0.133333 0.166667 0.200000 0.233333 0.266667 0.300000 0.333333 0.366667 0.400000 0.433333 0.466667 0.500000
0.533333 0.566667 0.600000 0.633333 0.666667 0.700000 0.733333 0.766667 0.800000 0.833333 0.866667 0.900000 0.933333 0.966667 1.000000</float_array><technique_common><accessor source="#Spine-Matrix-animation-input-array" count="31"><param name="TIME" type="float"/></accessor></technique_common></source><source id="Spine-Matrix-animation-output-transform"><float_array id="Spine-Matrix-animation-output-transform-array" count="496">

0.997815 -0.055325 0.036107 -0.005700 0.057323 0.996734 -0.056873 10.895800 -0.032843 0.058819 0.997728 -1.278700 0.000000 0.000000 0.000000 1.000000
0.997566 -0.051756 0.046732 -0.005700 0.054326 0.996979 -0.055510 10.895800 -0.043718 0.057914 0.997364 -1.278700 0.000000 0.000000 0.000000 1.000000
0.996953 -0.052000 0.058149 -0.005700 0.055061 0.997110 -0.052347 10.895800 -0.055259 0.055390 0.996935 -1.278700 0.000000 0.000000 0.000000 1.000000
0.995897 -0.056998 0.070287 -0.005700 0.060511 0.996968 -0.048913 10.895800 -0.067286 0.052965 0.996327 -1.278700 0.000000 0.000000 0.000000 1.000000
0.994730 -0.062795 0.081049 -0.005700 0.066770 0.996647 -0.047302 10.895800 -0.077807 0.052464 0.995587 -1.278700 0.000000 0.000000 0.000000 1.000000
0.994398 -0.059592 0.087303 -0.005700 0.063996 0.996769 -0.048548 10.895800 -0.084128 0.053863 0.994998 -1.278700 0.000000 0.000000 0.000000 1.000000
0.995233 -0.041103 0.088443 -0.005700 0.045745 0.997644 -0.051118 10.895800 -0.086134 0.054920 0.994769 -1.278700 0.000000 0.000000 0.000000 1.000000
0.996148 -0.007838 0.087333 -0.005700 0.012456 0.998545 -0.052457 10.895800 -0.086795 0.053343 0.994797 -1.278700 0.000000 0.000000 0.000000 1.000000
0.995730 0.030458 0.087148 -0.005700 -0.026036 0.998337 -0.051430 10.895800 -0.088570 0.048941 0.994867 -1.278700 0.000000 0.000000 0.000000 1.000000
0.994007 0.067515 0.085972 -0.005700 -0.063388 0.996743 -0.049858 10.895800 -0.089058 0.044110 0.995049 -1.278700 0.000000 0.000000 0.000000 1.000000
0.992210 0.095824 0.079603 -0.005700 -0.092036 0.994501 -0.049976 10.895800 -0.083954 0.042260 0.995573 -1.278700 0.000000 0.000000 0.000000 1.000000
0.991131 0.114657 0.067173 -0.005700 -0.111212 0.992384 -0.052969 10.895800 -0.072734 0.045029 0.996334 -1.278700 0.000000 0.000000 0.000000 1.000000
0.991277 0.121809 0.050328 -0.005700 -0.118862 0.991220 -0.057914 10.895800 -0.056941 0.051427 0.997052 -1.278700 0.000000 0.000000 0.000000 1.000000
0.992679 0.116392 0.032265 -0.005700 -0.114198 0.991455 -0.063058 10.895800 -0.039329 0.058912 0.997488 -1.278700 0.000000 0.000000 0.000000 1.000000
0.994730 0.101430 0.014992 -0.005700 -0.100215 0.992711 -0.066939 10.895800 -0.021672 0.065084 0.997644 -1.278700 0.000000 0.000000 0.000000 1.000000
0.996507 0.083509 -0.000841 -0.005700 -0.083370 0.994160 -0.068529 10.895800 -0.004887 0.068360 0.997649 -1.278700 0.000000 0.000000 0.000000 1.000000
0.997620 0.067244 -0.015237 -0.005700 -0.068123 0.995403 -0.067316 10.895800 0.010641 0.068194 0.997615 -1.278700 0.000000 0.000000 0.000000 1.000000
0.998097 0.054759 -0.028339 -0.005700 -0.056477 0.996359 -0.063867 10.895800 0.024739 0.065346 0.997556 -1.278700 0.000000 0.000000 0.000000 1.000000
0.998128 0.046113 -0.040180 -0.005700 -0.048466 0.997040 -0.059679 10.895800 0.037310 0.061515 0.997409 -1.278700 0.000000 0.000000 0.000000 1.000000
0.998016 0.038176 -0.050063 -0.005700 -0.040962 0.997598 -0.055857 10.895800 0.047810 0.057796 0.997183 -1.278700 0.000000 0.000000 0.000000 1.000000
0.997983 0.027210 -0.057357 -0.005700 -0.030196 0.998198 -0.051862 10.895800 0.055843 0.053490 0.997006 -1.278700 0.000000 0.000000 0.000000 1.000000
0.998086 0.008895 -0.061203 -0.005700 -0.011759 0.998845 -0.046584 10.895800 0.060718 0.047214 0.997038 -1.278700 0.000000 0.000000 0.000000 1.000000
0.997947 -0.018371 -0.061361 -0.005700 0.015881 0.999040 -0.040819 10.895800 0.062052 0.039761 0.997281 -1.278700 0.000000 0.000000 0.000000 1.000000
0.997135 -0.048427 -0.058102 -0.005700 0.046279 0.998215 -0.037756 10.895800 0.059826 0.034959 0.997596 -1.278700 0.000000 0.000000 0.000000 1.000000
0.995972 -0.073780 -0.050963 -0.005700 0.071755 0.996600 -0.040494 10.895800 0.053777 0.036674 0.997879 -1.278700 0.000000 0.000000 0.000000 1.000000
0.995331 -0.087900 -0.039874 -0.005700 0.085943 0.995124 -0.048400 10.895800 0.043934 0.044747 0.998032 -1.278700 0.000000 0.000000 0.000000 1.000000
0.995474 -0.091251 -0.026531 -0.005700 0.089627 0.994340 -0.057047 10.895800 0.031586 0.054411 0.998019 -1.278700 0.000000 0.000000 0.000000 1.000000
0.996306 -0.084998 -0.012247 -0.005700 0.084088 0.994544 -0.061731 10.895800 0.017427 0.060473 0.998018 -1.278700 0.000000 0.000000 0.000000 1.000000
0.997295 -0.073456 0.002474 -0.005700 0.073469 0.995400 -0.061485 10.895800 0.002053 0.061501 0.998105 -1.278700 0.000000 0.000000 0.000000 1.000000
0.997887 -0.062351 0.018290 -0.005700 0.063328 0.996256 -0.058848 10.895800 -0.014552 0.059882 0.998099 -1.278700 0.000000 0.000000 0.000000 1.000000
0.997815 -0.055325 0.036107 -0.005700 0.057323 0.996734 -0.056873 10.895800 -0.032843 0.058819 0.997728 -1.278700 0.000000 0.000000 0.000000 1.000000</float_array><technique_common><accessor source="#Spine-Matrix-animation-output-transform-array" count="31" stride="16"><param type="float4x4"/></accessor></technique_common></source><source id="Spine-Interpolations"><Name_array id="Spine-Interpolations-array" count="31">
 LINEAR LINEAR LINEAR LINEAR LINEAR LINEAR LINEAR LINEAR LINEAR LINEAR LINEAR
LINEAR LINEAR LINEAR LINEAR LINEAR LINEAR LINEAR LINEAR LINEAR LINEAR LINEAR LINEAR
LINEAR LINEAR LINEAR LINEAR LINEAR LINEAR LINEAR LINEAR</Name_array><technique_common><accessor source="#Spine-Interpolations-array" count="31"><param type="name"/></accessor></technique_common></source><sampler id="Spine-Matrix-animation-transform"><input semantic="INPUT" source="#Spine-Matrix-animation-input"/><input semantic="OUTPUT" source="#Spine-Matrix-animation-output-transform"/><input semantic="INTERPOLATION" source="#Spine-Interpolations"/></sampler><channel source="#Spine-Matrix-animation-transform" target="Spine/matrix"/></animation>
    <animation id="Spine1-anim" name="Spine1"><source id="Spine1-Matrix-animation-input"><float_array id="Spine1-Matrix-animation-input-array" count="31">

0.000000 0.033333 0.066667 0.100000 0.133333 0.166667 0.200000 0.233333 0.266667 0.300000 0.333333 0.366667 0.400000 0.433333 0.466667 0.500000
0.533333 0.566667 0.600000 0.633333 0.666667 0.700000 0.733333 0.766667 0.800000 0.833333 0.866667 0.900000 0.933333 0.966667 1.000000</float_array><technique_common><accessor source="#Spine1-Matrix-animation-input-array" count="31"><param name="TIME" type="float"/></accessor></technique_common></source><source id="Spine1-Matrix-animation-output-transform"><float_array id="Spine1-Matrix-animation-output-transform-array" count="496">

0.999985 -0.002372 0.004894 -0.006600 0.002526 0.999494 -0.031697 12.711700 -0.004816 0.031709 0.999486 -1.491800 0.000000 0.000000 0.000000 1.000000
0.999979 -0.001425 0.006250 -0.006600 0.001618 0.999517 -0.031045 12.711700 -0.006203 0.031055 0.999498 -1.491800 0.000000 0.000000 0.000000 1.000000
0.999971 -0.001565 0.007505 -0.006600 0.001781 0.999584 -0.028795 12.711700 -0.007457 0.028807 0.999557 -1.491800 0.000000 0.000000 0.000000 1.000000
0.999958 -0.002760 0.008737 -0.006600 0.002988 0.999651 -0.026246 12.711700 -0.008662 0.026271 0.999617 -1.491800 0.000000 0.000000 0.000000 1.000000
0.999942 -0.004068 0.009925 -0.006600 0.004314 0.999681 -0.024889 12.711700 -0.009821 0.024930 0.999641 -1.491800 0.000000 0.000000 0.000000 1.000000
0.999933 -0.003932 0.010893 -0.006600 0.004206 0.999672 -0.025257 12.711700 -0.010790 0.025301 0.999622 -1.491800 0.000000 0.000000 0.000000 1.000000
0.999934 -0.001407 0.011400 -0.006600 0.001710 0.999645 -0.026585 12.711700 -0.011359 0.026602 0.999582 -1.491800 0.000000 0.000000 0.000000 1.000000
0.999931 0.003112 0.011293 -0.006600 -0.002795 0.999604 -0.027995 12.711700 -0.011375 0.027962 0.999544 -1.491800 0.000000 0.000000 0.000000 1.000000
0.999909 0.008374 0.010555 -0.006600 -0.008060 0.999532 -0.029514 12.711700 -0.010797 0.029426 0.999509 -1.491800 0.000000 0.000000 0.000000 1.000000
0.999870 0.013160 0.009298 -0.006600 -0.012860 0.999420 -0.031536 12.711700 -0.009708 0.031412 0.999459 -1.491800 0.000000 0.000000 0.000000 1.000000
0.999833 0.016571 0.007750 -0.006600 -0.016301 0.999301 -0.033654 12.711700 -0.008303 0.033522 0.999403 -1.491800 0.000000 0.000000 0.000000 1.000000
0.999820 0.017912 0.006185 -0.006600 -0.017687 0.999241 -0.034716 12.711700 -0.006802 0.034600 0.999378 -1.491800 0.000000 0.000000 0.000000 1.000000
0.999847 0.016856 0.004740 -0.006600 -0.016685 0.999276 -0.034202 12.711700 -0.005313 0.034118 0.999404 -1.491800 0.000000 0.000000 0.000000 1.000000
0.999899 0.013837 0.003318 -0.006600 -0.013720 0.999359 -0.033064 12.711700 -0.003774 0.033015 0.999448 -1.491800 0.000000 0.000000 0.000000 1.000000
0.999949 0.009968 0.001754 -0.006600 -0.009905 0.999415 -0.032726 12.711700 -0.002079 0.032707 0.999463 -1.491800 0.000000 0.000000 0.000000 1.000000
0.999979 0.006451 0.000075 -0.006600 -0.006445 0.999421 -0.033405 12.711700 -0.000291 0.033404 0.999442 -1.491800 0.000000 0.000000 0.000000 1.000000
0.999990 0.004100 -0.001500 -0.006600 -0.004148 0.999418 -0.033848 12.711700 0.001361 0.033854 0.999426 -1.491800 0.000000 0.000000 0.000000 1.000000
0.999991 0.003247 -0.002864 -0.006600 -0.003339 0.999455 -0.032830 12.711700 0.002756 0.032839 0.999457 -1.491800 0.000000 0.000000 0.000000 1.000000
0.999985 0.003651 -0.004182 -0.006600 -0.003777 0.999526 -0.030546 12.711700 0.004069 0.030561 0.999525 -1.491800 0.000000 0.000000 0.000000 1.000000
0.999975 0.004319 -0.005647 -0.006600 -0.004477 0.999590 -0.028273 12.711700 0.005523 0.028297 0.999584 -1.491800 0.000000 0.000000 0.000000 1.000000
0.999968 0.003789 -0.007085 -0.006600 -0.003979 0.999629 -0.026955 12.711700 0.006981 0.026982 0.999612 -1.491800 0.000000 0.000000 0.000000 1.000000
0.999968 0.001069 -0.007943 -0.006600 -0.001280 0.999646 -0.026574 12.711700 0.007911 0.026583 0.999615 -1.491800 0.000000 0.000000 0.000000 1.000000
0.999964 -0.003525 -0.007731 -0.006600 0.003316 0.999634 -0.026859 12.711700 0.007822 0.026832 0.999609 -1.491800 0.000000 0.000000 0.000000 1.000000
0.999943 -0.008464 -0.006485 -0.006600 0.008279 0.999573 -0.028015 12.711700 0.006719 0.027960 0.999586 -1.491800 0.000000 0.000000 0.000000 1.000000
0.999917 -0.011937 -0.004771 -0.006600 0.011788 0.999472 -0.030277 12.711700 0.005130 0.030218 0.999530 -1.491800 0.000000 0.000000 0.000000 1.000000
0.999912 -0.012856 -0.003236 -0.006600 0.012742 0.999374 -0.032992 12.711700 0.003658 0.032948 0.999450 -1.491800 0.000000 0.000000 0.000000 1.000000
0.999934 -0.011325 -0.002113 -0.006600 0.011245 0.999332 -0.034764 12.711700 0.002505 0.034738 0.999393 -1.491800 0.000000 0.000000 0.000000 1.000000
0.999964 -0.008438 -0.001105 -0.006600 0.008395 0.999362 -0.034722 12.711700 0.001398 0.034711 0.999396 -1.491800 0.000000 0.000000 0.000000 1.000000
0.999985 -0.005551 0.000279 -0.006600 0.005557 0.999427 -0.033384 12.711700 -0.000094 0.033385 0.999443 -1.491800 0.000000 0.000000 0.000000 1.000000
0.999991 -0.003481 0.002296 -0.006600 0.003553 0.999480 -0.032040 12.711700 -0.002183 0.032048 0.999484 -1.491800 0.000000 0.000000 0.000000 1.000000
0.999985 -0.002372 0.004894 -0.006600 0.002526 0.999494 -0.031697 12.711700 -0.004816 0.031709 0.999486 -1.491800 0.000000 0.000000 0.000000 1.000000</float_array><technique_common><accessor source="#Spine1-Matrix-animation-output-transform-array" count="31" stride="16"><param type="float4x4"/></accessor></technique_common></source><source id="Spine1-Interpolations"><Name_array id="Spine1-Interpolations-array" count="31">
 LINEAR LINEAR LINEAR LINEAR LINEAR LINEAR LINEAR LINEAR LINEAR LINEAR LINEAR
LINEAR LINEAR LINEAR LINEAR LINEAR LINEAR LINEAR LINEAR LINEAR LINEAR LINEAR LINEAR
LINEAR LINEAR LINEAR LINEAR LINEAR LINEAR LINEAR LINEAR</Name_array><technique_common><accessor source="#Spine1-Interpolations-array" count="31"><param type="name"/></accessor></technique_common></source><sampler id="Spine1-Matrix-animation-transform"><input semantic="INPUT" source="#Spine1-Matrix-animation-input"/><input semantic="OUTPUT" source="#Spine1-Matrix-animation-output-transform"/><input semantic="INTERPOLATION" source="#Spine1-Interpolations"/></sampler><channel source="#Spine1-Matrix-animation-transform" target="Spine1/matrix"/></animation>
    <animation id="Spine2-anim" name="Spine2"><source id="Spine2-Matrix-animation-input"><float_array id="Spine2-Matrix-animation-input-array" count="31">

0.000000 0.033333 0.066667 0.100000 0.133333 0.166667 0.200000 0.233333 0.266667 0.300000 0.333333 0.366667 0.400000 0.433333 0.466667 0.500000
0.533333 0.566667 0.600000 0.633333 0.666667 0.700000 0.733333 0.766667 0.800000 0.833333 0.866667 0.900000 0.933333 0.966667 1.000000</float_array><technique_common><accessor source="#Spine2-Matrix-animation-input-array" count="31"><param name="TIME" type="float"/></accessor></technique_common></source><source id="Spine2-Matrix-animation-output-transform"><float_array id="Spine2-Matrix-animation-output-transform-array" count="496">

0.999985 -0.002498 0.004812 -0.007600 0.002649 0.999494 -0.031705 14.527700 -0.004731 0.031717 0.999486 -1.704900 0.000000 0.000000 0.000000 1.000000
0.999979 -0.001571 0.006253 -0.007600 0.001764 0.999516 -0.031052 14.527700 -0.006201 0.031062 0.999498 -1.704900 0.000000 0.000000 0.000000 1.000000
0.999970 -0.001719 0.007560 -0.007600 0.001936 0.999583 -0.028795 14.527700 -0.007508 0.028809 0.999557 -1.704900 0.000000 0.000000 0.000000 1.000000
0.999957 -0.002917 0.008810 -0.007600 0.003147 0.999651 -0.026236 14.527700 -0.008730 0.026263 0.999617 -1.704900 0.000000 0.000000 0.000000 1.000000
0.999941 -0.004236 0.009982 -0.007600 0.004483 0.999681 -0.024873 14.527700 -0.009873 0.024916 0.999641 -1.704900 0.000000 0.000000 0.000000 1.000000
0.999932 -0.004125 0.010906 -0.007600 0.004400 0.999672 -0.025248 14.527700 -0.010798 0.025294 0.999622 -1.704900 0.000000 0.000000 0.000000 1.000000
0.999934 -0.001637 0.011352 -0.007600 0.001939 0.999644 -0.026600 14.527700 -0.011304 0.026620 0.999582 -1.704900 0.000000 0.000000 0.000000 1.000000
0.999933 0.002843 0.011177 -0.007600 -0.002528 0.999603 -0.028049 14.527700 -0.011252 0.028019 0.999544 -1.704900 0.000000 0.000000 0.000000 1.000000
0.999914 0.008072 0.010384 -0.007600 -0.007761 0.999531 -0.029607 14.527700 -0.010618 0.029524 0.999508 -1.704900 0.000000 0.000000 0.000000 1.000000
0.999876 0.012838 0.009103 -0.007600 -0.012544 0.999420 -0.031652 14.527700 -0.009504 0.031534 0.999457 -1.704900 0.000000 0.000000 0.000000 1.000000
0.999839 0.016255 0.007573 -0.007600 -0.015990 0.999302 -0.033772 14.527700 -0.008117 0.033645 0.999401 -1.704900 0.000000 0.000000 0.000000 1.000000
0.999826 0.017632 0.006056 -0.007600 -0.017411 0.999242 -0.034814 14.527700 -0.006665 0.034703 0.999375 -1.704900 0.000000 0.000000 0.000000 1.000000
0.999851 0.016636 0.004658 -0.007600 -0.016467 0.999277 -0.034269 14.527700 -0.005225 0.034187 0.999402 -1.704900 0.000000 0.000000 0.000000 1.000000
0.999901 0.013682 0.003242 -0.007600 -0.013567 0.999360 -0.033099 14.527700 -0.003693 0.033051 0.999447 -1.704900 0.000000 0.000000 0.000000 1.000000
0.999950 0.009870 0.001631 -0.007600 -0.009812 0.999416 -0.032740 14.527700 -0.001953 0.032722 0.999463 -1.704900 0.000000 0.000000 0.000000 1.000000
0.999980 0.006399 -0.000119 -0.007600 -0.006400 0.999421 -0.033408 14.527700 -0.000095 0.033408 0.999442 -1.704900 0.000000 0.000000 0.000000 1.000000
0.999990 0.004085 -0.001747 -0.007600 -0.004142 0.999419 -0.033845 14.527700 0.001607 0.033852 0.999426 -1.704900 0.000000 0.000000 0.000000 1.000000
0.999990 0.003263 -0.003120 -0.007600 -0.003364 0.999456 -0.032820 14.527700 0.003011 0.032831 0.999456 -1.704900 0.000000 0.000000 0.000000 1.000000
0.999983 0.003694 -0.004414 -0.007600 -0.003827 0.999527 -0.030526 14.527700 0.004299 0.030542 0.999524 -1.704900 0.000000 0.000000 0.000000 1.000000
0.999973 0.004392 -0.005836 -0.007600 -0.004555 0.999591 -0.028244 14.527700 0.005710 0.028270 0.999584 -1.704900 0.000000 0.000000 0.000000 1.000000
0.999966 0.003901 -0.007218 -0.007600 -0.004094 0.999629 -0.026929 14.527700 0.007110 0.026958 0.999611 -1.704900 0.000000 0.000000 0.000000 1.000000
0.999967 0.001221 -0.008012 -0.007600 -0.001434 0.999646 -0.026566 14.527700 0.007977 0.026577 0.999615 -1.704900 0.000000 0.000000 0.000000 1.000000
0.999964 -0.003345 -0.007758 -0.007600 0.003135 0.999634 -0.026878 14.527700 0.007845 0.026853 0.999609 -1.704900 0.000000 0.000000 0.000000 1.000000
0.999944 -0.008283 -0.006528 -0.007600 0.008096 0.999574 -0.028055 14.527700 0.006758 0.028000 0.999585 -1.704900 0.000000 0.000000 0.000000 1.000000
0.999919 -0.011782 -0.004897 -0.007600 0.011629 0.999473 -0.030318 14.527700 0.005252 0.030259 0.999528 -1.704900 0.000000 0.000000 0.000000 1.000000
0.999913 -0.012744 -0.003478 -0.007600 0.012623 0.999375 -0.033019 14.527700 0.003896 0.032972 0.999449 -1.704900 0.000000 0.000000 0.000000 1.000000
0.999934 -0.011261 -0.002442 -0.007600 0.011169 0.999333 -0.034772 14.527700 0.002832 0.034742 0.999392 -1.704900 0.000000 0.000000 0.000000 1.000000
0.999964 -0.008419 -0.001452 -0.007600 0.008364 0.999362 -0.034719 14.527700 0.001744 0.034706 0.999396 -1.704900 0.000000 0.000000 0.000000 1.000000
0.999984 -0.005576 -0.000012 -0.007600 0.005573 0.999427 -0.033382 14.527700 0.000198 0.033381 0.999443 -1.704900 0.000000 0.000000 0.000000 1.000000
0.999991 -0.003554 0.002103 -0.007600 0.003620 0.999480 -0.032043 14.527700 -0.001988 0.032051 0.999484 -1.704900 0.000000 0.000000 0.000000 1.000000
0.999985 -0.002498 0.004812 -0.007600 0.002649 0.999494 -0.031705 14.527700 -0.004731 0.031717 0.999486 -1.704900 0.000000 0.000000 0.000000 1.000000</float_array><technique_common><accessor source="#Spine2-Matrix-animation-output-transform-array" count="31" stride="16"><param type="float4x4"/></accessor></technique_common></source><source id="Spine2-Interpolations"><Name_array id="Spine2-Interpolations-array" count="31">
 LINEAR LINEAR LINEAR LINEAR LINEAR LINEAR LINEAR LINEAR LINEAR LINEAR LINEAR
LINEAR LINEAR LINEAR LINEAR LINEAR LINEAR LINEAR LINEAR LINEAR LINEAR LINEAR LINEAR
LINEAR LINEAR LINEAR LINEAR LINEAR LINEAR LINEAR LINEAR</Name_array><technique_common><accessor source="#Spine2-Interpolations-array" count="31"><param type="name"/></accessor></technique_common></source><sampler id="Spine2-Matrix-animation-transform"><input semantic="INPUT" source="#Spine2-Matrix-animation-input"/><input semantic="OUTPUT" source="#Spine2-Matrix-animation-output-transform"/><input semantic="INTERPOLATION" source="#Spine2-Interpolations"/></sampler><channel source="#Spine2-Matrix-animation-transform" target="Spine2/matrix"/></animation>
    <animation id="Neck-anim" name="Neck"><source id="Neck-Matrix-animation-input"><float_array id="Neck-Matrix-animation-input-array" count="31">

0.000000 0.033333 0.066667 0.100000 0.133333 0.166667 0.200000 0.233333 0.266667 0.300000 0.333333 0.366667 0.400000 0.433333 0.466667 0.500000
0.533333 0.566667 0.600000 0.633333 0.666667 0.700000 0.733333 0.766667 0.800000 0.833333 0.866667 0.900000 0.933333 0.966667 1.000000</float_array><technique_common><accessor source="#Neck-Matrix-animation-input-array" count="31"><param name="TIME" type="float"/></accessor></technique_common></source><source id="Neck-Matrix-animation-output-transform"><float_array id="Neck-Matrix-animation-output-transform-array" count="496">

0.999974 0.003130 0.006487 -0.008500 -0.003177 0.999969 0.007265 16.343599 -0.006464 -0.007285 0.999953 -1.918000 0.000000 0.000000 0.000000 1.000000
0.999955 0.005767 0.007578 -0.008500 -0.005821 0.999958 0.007130 16.343599 -0.007537 -0.007174 0.999946 -1.918000 0.000000 0.000000 0.000000 1.000000
0.999922 0.008991 0.008617 -0.008500 -0.009049 0.999937 0.006698 16.343599 -0.008556 -0.006775 0.999940 -1.918000 0.000000 0.000000 0.000000 1.000000
0.999878 0.012361 0.009511 -0.008500 -0.012426 0.999900 0.006821 16.343599 -0.009426 -0.006939 0.999932 -1.918000 0.000000 0.000000 0.000000 1.000000
0.999841 0.014619 0.010202 -0.008500 -0.014702 0.999859 0.008118 16.343599 -0.010081 -0.008266 0.999915 -1.918000 0.000000 0.000000 0.000000 1.000000
0.999843 0.014158 0.010690 -0.008500 -0.014267 0.999846 0.010190 16.343599 -0.010544 -0.010341 0.999891 -1.918000 0.000000 0.000000 0.000000 1.000000
0.999887 0.010229 0.011021 -0.008500 -0.010359 0.999876 0.011840 16.343599 -0.010899 -0.011952 0.999869 -1.918000 0.000000 0.000000 0.000000 1.000000
0.999930 0.003642 0.011274 -0.008500 -0.003782 0.999916 0.012428 16.343599 -0.011228 -0.012470 0.999859 -1.918000 0.000000 0.000000 0.000000 1.000000
0.999927 -0.003645 0.011558 -0.008500 0.003498 0.999912 0.012772 16.343599 -0.011604 -0.012731 0.999852 -1.918000 0.000000 0.000000 0.000000 1.000000
0.999883 -0.009493 0.011968 -0.008500 0.009323 0.999855 0.014231 16.343599 -0.012102 -0.014118 0.999827 -1.918000 0.000000 0.000000 0.000000 1.000000
0.999846 -0.012282 0.012543 -0.008500 0.012069 0.999785 0.016886 16.343599 -0.012747 -0.016732 0.999779 -1.918000 0.000000 0.000000 0.000000 1.000000
0.999848 -0.011308 0.013283 -0.008500 0.011054 0.999758 0.019040 16.343599 -0.013495 -0.018890 0.999730 -1.918000 0.000000 0.000000 0.000000 1.000000
0.999874 -0.007090 0.014184 -0.008500 0.006822 0.999799 0.018836 16.343599 -0.014315 -0.018737 0.999722 -1.918000 0.000000 0.000000 0.000000 1.000000
0.999884 -0.001325 0.015146 -0.008500 0.001080 0.999868 0.016194 16.343599 -0.015165 -0.016175 0.999754 -1.918000 0.000000 0.000000 0.000000 1.000000
0.999867 0.003829 0.015837 -0.008500 -0.004033 0.999909 0.012871 16.343599 -0.015786 -0.012933 0.999792 -1.918000 0.000000 0.000000 0.000000 1.000000
0.999853 0.006694 0.015801 -0.008500 -0.006864 0.999919 0.010735 16.343599 -0.015728 -0.010842 0.999818 -1.918000 0.000000 0.000000 0.000000 1.000000
0.999869 0.006533 0.014806 -0.008500 -0.006687 0.999924 0.010328 16.343599 -0.014737 -0.010426 0.999837 -1.918000 0.000000 0.000000 0.000000 1.000000
0.999908 0.003589 0.013087 -0.008500 -0.003735 0.999931 0.011116 16.343599 -0.013046 -0.011164 0.999853 -1.918000 0.000000 0.000000 0.000000 1.000000
0.999937 -0.000808 0.011174 -0.008500 0.000668 0.999921 0.012587 16.343599 -0.011183 -0.012579 0.999858 -1.918000 0.000000 0.000000 0.000000 1.000000
0.999946 -0.004222 0.009496 -0.008500 0.004083 0.999885 0.014584 16.343599 -0.009556 -0.014545 0.999849 -1.918000 0.000000 0.000000 0.000000 1.000000
0.999958 -0.004007 0.008228 -0.008500 0.003869 0.999852 0.016762 16.343599 -0.008294 -0.016729 0.999826 -1.918000 0.000000 0.000000 0.000000 1.000000
0.999972 0.000931 0.007468 -0.008500 -0.001069 0.999829 0.018440 16.343599 -0.007449 -0.018447 0.999802 -1.918000 0.000000 0.000000 0.000000 1.000000
0.999933 0.008963 0.007374 -0.008500 -0.009104 0.999772 0.019319 16.343599 -0.007199 -0.019385 0.999786 -1.918000 0.000000 0.000000 0.000000 1.000000
0.999833 0.016458 0.007981 -0.008500 -0.016615 0.999663 0.019930 16.343599 -0.007650 -0.020059 0.999770 -1.918000 0.000000 0.000000 0.000000 1.000000
0.999761 0.019983 0.008922 -0.008500 -0.020165 0.999579 0.020838 16.343599 -0.008502 -0.021013 0.999743 -1.918000 0.000000 0.000000 0.000000 1.000000
0.999787 0.018299 0.009495 -0.008500 -0.018500 0.999597 0.021521 16.343599 -0.009098 -0.021693 0.999723 -1.918000 0.000000 0.000000 0.000000 1.000000
0.999875 0.012861 0.009154 -0.008500 -0.013047 0.999703 0.020603 16.343599 -0.008886 -0.020720 0.999746 -1.918000 0.000000 0.000000 0.000000 1.000000
0.999946 0.006702 0.008000 -0.008500 -0.006840 0.999825 0.017411 16.343599 -0.007882 -0.017464 0.999816 -1.918000 0.000000 0.000000 0.000000 1.000000
0.999974 0.002571 0.006744 -0.008500 -0.002659 0.999912 0.012980 16.343599 -0.006710 -0.012998 0.999893 -1.918000 0.000000 0.000000 0.000000 1.000000
0.999980 0.001511 0.006121 -0.008500 -0.001567 0.999957 0.009157 16.343599 -0.006107 -0.009167 0.999939 -1.918000 0.000000 0.000000 0.000000 1.000000
0.999974 0.003130 0.006487 -0.008500 -0.003177 0.999969 0.007265 16.343599 -0.006464 -0.007285 0.999953 -1.918000 0.000000 0.000000 0.000000 1.000000</float_array><technique_common><accessor source="#Neck-Matrix-animation-output-transform-array" count="31" stride="16"><param type="float4x4"/></accessor></technique_common></source><source id="Neck-Interpolations"><Name_array id="Neck-Interpolations-array" count="31">
 LINEAR LINEAR LINEAR LINEAR LINEAR LINEAR LINEAR LINEAR LINEAR LINEAR LINEAR
LINEAR LINEAR LINEAR LINEAR LINEAR LINEAR LINEAR LINEAR LINEAR LINEAR LINEAR LINEAR
LINEAR LINEAR LINEAR LINEAR LINEAR LINEAR LINEAR LINEAR</Name_array><technique_common><accessor source="#Neck-Interpolations-array" count="31"><param type="name"/></accessor></technique_common></source><sampler id="Neck-Matrix-animation-transform"><input semantic="INPUT" source="#Neck-Matrix-animation-input"/><input semantic="OUTPUT" source="#Neck-Matrix-animation-output-transform"/><input semantic="INTERPOLATION" source="#Neck-Interpolations"/></sampler><channel source="#Neck-Matrix-animation-transform" target="Neck/matrix"/></animation>
    <animation id="Head-anim" name="Head"><source id="Head-Matrix-animation-input"><float_array id="Head-Matrix-animation-input-array" count="31">

0.000000 0.033333 0.066667 0.100000 0.133333 0.166667 0.200000 0.233333 0.266667 0.300000 0.333333 0.366667 0.400000 0.433333 0.466667 0.500000
0.533333 0.566667 0.600000 0.633333 0.666667 0.700000 0.733333 0.766667 0.800000 0.833333 0.866667 0.900000 0.933333 0.966667 1.000000</float_array><technique_common><accessor source="#Head-Matrix-animation-input-array" count="31"><param name="TIME" type="float"/></accessor></technique_common></source><source id="Head-Matrix-animation-output-transform"><float_array id="Head-Matrix-animation-output-transform-array" count="496">

0.995453 -0.006963 -0.094994 -0.000000 0.014384 0.996876 0.077659 7.472600 0.094157 -0.078672 0.992444 1.897700 0.000000 0.000000 0.000000 1.000000
0.996324 -0.003798 -0.085579 0.000000 0.010785 0.996628 0.081335 7.472600 0.084981 -0.081959 0.993006 1.897700 0.000000 0.000000 0.000000 1.000000
0.997069 0.002556 -0.076461 0.000000 0.003997 0.996336 0.085426 7.472600 0.076399 -0.085481 0.993406 1.897700 0.000000 0.000000 0.000000 1.000000
0.997604 0.011686 -0.068188 0.000000 -0.005351 0.995711 0.092362 7.472600 0.068975 -0.091776 0.993388 1.897700 0.000000 0.000000 0.000000 1.000000
0.997897 0.020642 -0.061443 0.000000 -0.014212 0.994548 0.103309 7.472600 0.063240 -0.102218 0.992750 1.897700 0.000000 0.000000 0.000000 1.000000
0.998083 0.024625 -0.056783 0.000000 -0.017952 0.993183 0.115173 7.472600 0.059232 -0.113933 0.991721 1.897700 0.000000 0.000000 0.000000 1.000000
0.998327 0.020271 -0.054156 0.000000 -0.013582 0.992542 0.121142 7.472600 0.056207 -0.120204 0.991157 1.897700 0.000000 0.000000 0.000000 1.000000
0.998593 0.007983 -0.052419 0.000000 -0.001835 0.993211 0.116311 7.472600 0.052991 -0.116051 0.991829 1.897700 0.000000 0.000000 0.000000 1.000000
0.998725 -0.008548 -0.049751 0.000000 0.013664 0.994545 0.103409 7.472600 0.048596 -0.103957 0.993394 1.897700 0.000000 0.000000 0.000000 1.000000
0.998691 -0.024414 -0.044939 0.000000 0.028467 0.995365 0.091863 7.472600 0.042488 -0.093022 0.994757 1.897700 0.000000 0.000000 0.000000 1.000000
0.998660 -0.035147 -0.037997 0.000000 0.038448 0.995204 0.089951 7.472600 0.034654 -0.091291 0.995221 1.897700 0.000000 0.000000 0.000000 1.000000
0.998851 -0.037779 -0.029496 0.000000 0.040498 0.994382 0.097793 7.472600 0.025636 -0.098875 0.994770 1.897700 0.000000 0.000000 0.000000 1.000000
0.999284 -0.032039 -0.020107 0.000000 0.034034 0.993537 0.108283 7.472600 0.016508 -0.108890 0.993917 1.897700 0.000000 0.000000 0.000000 1.000000
0.999713 -0.021061 -0.011446 0.000000 0.022231 0.993215 0.114148 7.472600 0.008964 -0.114370 0.993398 1.897700 0.000000 0.000000 0.000000 1.000000
0.999926 -0.010159 -0.006659 -0.000000 0.010849 0.993483 0.113462 7.472600 0.005463 -0.113525 0.993520 1.897700 0.000000 0.000000 0.000000 1.000000
0.999952 -0.004120 -0.008864 -0.000000 0.005065 0.993994 0.109319 7.472600 0.008361 -0.109359 0.993967 1.897700 0.000000 0.000000 0.000000 1.000000
0.999815 -0.005183 -0.018533 0.000000 0.007123 0.994321 0.106185 7.472600 0.017877 -0.106297 0.994174 1.897700 0.000000 0.000000 0.000000 1.000000
0.999379 -0.012743 -0.032862 0.000000 0.016200 0.994107 0.107183 7.472600 0.031303 -0.107649 0.993696 1.897700 0.000000 0.000000 0.000000 1.000000
0.998561 -0.023783 -0.048061 -0.000000 0.029099 0.993155 0.113118 7.472600 0.045041 -0.114354 0.992418 1.897700 0.000000 0.000000 0.000000 1.000000
0.997527 -0.033306 -0.061885 0.000000 0.040670 0.991717 0.121837 7.472600 0.057315 -0.124053 0.990619 1.897700 0.000000 0.000000 0.000000 1.000000
0.996651 -0.035727 -0.073559 -0.000000 0.044991 0.990699 0.128421 7.472600 0.068286 -0.131300 0.988988 1.897700 0.000000 0.000000 0.000000 1.000000
0.996249 -0.027807 -0.081943 -0.000000 0.038196 0.991029 0.128076 7.472600 0.077646 -0.130725 0.988373 1.897700 0.000000 0.000000 0.000000 1.000000
0.996310 -0.011275 -0.085081 0.000000 0.021517 0.992487 0.120440 7.472600 0.083084 -0.121827 0.989068 1.897700 0.000000 0.000000 0.000000 1.000000
0.996591 0.007478 -0.082162 0.000000 0.001669 0.993852 0.110705 7.472600 0.082485 -0.110464 0.990451 1.897700 0.000000 0.000000 0.000000 1.000000
0.996902 0.020897 -0.075831 -0.000000 -0.012843 0.994370 0.105181 7.472600 0.077602 -0.103881 0.991558 1.897700 0.000000 0.000000 0.000000 1.000000
0.997116 0.024504 -0.071829 0.000000 -0.016861 0.994313 0.105153 7.472600 0.073997 -0.103638 0.991859 1.897700 0.000000 0.000000 0.000000 1.000000
0.997008 0.018992 -0.074935 0.000000 -0.010995 0.994335 0.105719 7.472600 0.076518 -0.104579 0.991569 1.897700 0.000000 0.000000 0.000000 1.000000
0.996383 0.009012 -0.084497 0.000000 -0.000398 0.994844 0.101416 7.472600 0.084975 -0.101016 0.991249 1.897700 0.000000 0.000000 0.000000 1.000000
0.995519 -0.000144 -0.094559 -0.000000 0.008902 0.995701 0.092201 7.472600 0.094139 -0.092630 0.991240 1.897700 0.000000 0.000000 0.000000 1.000000
0.995070 -0.005575 -0.099014 0.000000 0.013815 0.996476 0.082729 7.472600 0.098204 -0.083690 0.991641 1.897700 0.000000 0.000000 0.000000 1.000000
0.995453 -0.006963 -0.094994 0.000000 0.014384 0.996876 0.077659 7.472600 0.094157 -0.078672 0.992444 1.897700 0.000000 0.000000 0.000000 1.000000</float_array><technique_common><accessor source="#Head-Matrix-animation-output-transform-array" count="31" stride="16"><param type="float4x4"/></accessor></technique_common></source><source id="Head-Interpolations"><Name_array id="Head-Interpolations-array" count="31">
 LINEAR LINEAR LINEAR LINEAR LINEAR LINEAR LINEAR LINEAR LINEAR LINEAR LINEAR
LINEAR LINEAR LINEAR LINEAR LINEAR LINEAR LINEAR LINEAR LINEAR LINEAR LINEAR LINEAR
LINEAR LINEAR LINEAR LINEAR LINEAR LINEAR LINEAR LINEAR</Name_array><technique_common><accessor source="#Head-Interpolations-array" count="31"><param type="name"/></accessor></technique_common></source><sampler id="Head-Matrix-animation-transform"><input semantic="INPUT" source="#Head-Matrix-animation-input"/><input semantic="OUTPUT" source="#Head-Matrix-animation-output-transform"/><input semantic="INTERPOLATION" source="#Head-Interpolations"/></sampler><channel source="#Head-Matrix-animation-transform" target="Head/matrix"/></animation>
    <animation id="LeftShoulder-anim" name="LeftShoulder"><source id="LeftShoulder-Matrix-animation-input"><float_array id="LeftShoulder-Matrix-animation-input-array" count="31">

0.000000 0.033333 0.066667 0.100000 0.133333 0.166667 0.200000 0.233333 0.266667 0.300000 0.333333 0.366667 0.400000 0.433333 0.466667 0.500000
0.533333 0.566667 0.600000 0.633333 0.666667 0.700000 0.733333 0.766667 0.800000 0.833333 0.866667 0.900000 0.933333 0.966667 1.000000</float_array><technique_common><accessor source="#LeftShoulder-Matrix-animation-input-array" count="31"><param name="TIME" type="float"/></accessor></technique_common></source><source id="LeftShoulder-Matrix-animation-output-transform"><float_array id="LeftShoulder-Matrix-animation-output-transform-array" count="496">

0.989840 0.128418 -0.061042 5.550700 -0.129951 0.991280 -0.021820 13.775400 0.057707 0.029531 0.997897 -1.926500 0.000000 0.000000 0.000000 1.000000
0.989711 0.132632 -0.053681 5.550700 -0.133956 0.990746 -0.021860 13.775400 0.050285 0.028826 0.998319 -1.926500 0.000000 0.000000 0.000000 1.000000
0.989401 0.137837 -0.045683 5.550700 -0.138941 0.990058 -0.021934 13.775400 0.042206 0.028049 0.998715 -1.926500 0.000000 0.000000 0.000000 1.000000
0.989033 0.142949 -0.037131 5.550700 -0.143824 0.989357 -0.022062 13.775400 0.033582 0.027161 0.999067 -1.926500 0.000000 0.000000 0.000000 1.000000
