<?xml version="1.0" encoding="utf-8"?>
<COLLADA xmlns="http://www.collada.org/2005/11/COLLADASchema" version="1.4.1">
  <asset><contributor><author>Mixamo</author><authoring_tool>COLLADA Mixamo exporter</authoring_tool><comments></comments></contributor><created>2019-07-22T16:56:19Z</created><modified>2019-07-22T16:56:19Z</modified><revision></revision><title></title><unit meter="0.010000"/><up_axis>Y_UP</up_axis></asset>
  <library_animations>
    <animation id="Hips-anim" name="Hips"><source id="Hips-Matrix-animation-input"><float_array id="Hips-Matrix-animation-input-array" count="184">

0.000000 0.033333 0.066667 0.100000 0.133333 0.166667 0.200000 0.233333 0.266667 0.300000 0.333333 0.366667 0.400000 0.433333 0.466667 0.500000
0.533333 0.566667 0.600000 0.633333 0.666667 0.700000 0.733333 0.766667 0.800000 0.833333 0.866667 0.900000 0.933333 0.966667 1.000000 1.033333
1.066667 1.100000 1.133333 1.166667 1.200000 1.233333 1.266667 1.300000 1.333333 1.366667 1.400000 1.433333 1.466667 1.500000 1.533333 1.566667
1.600000 1.633333 1.666667 1.700000 1.733333 1.766667 1.800000 1.833333 1.866667 1.900000 1.933333 1.966667 2.000000 2.033333 2.066667 2.100000
2.133333 2.166667 2.200000 2.233333 2.266667 2.300000 2.333333 2.366667 2.400000 2.433333 2.466667 2.500000 2.533333 2.566667 2.600000 2.633333
2.666667 2.700000 2.733333 2.766667 2.800000 2.833333 2.866667 2.900000 2.933333 2.966667 3.000000 3.033333 3.066667 3.100000 3.133333 3.166667
3.200000 3.233333 3.266667 3.300000 3.333333 3.366667 3.400000 3.433333 3.466667 3.500000 3.533333 3.566667 3.600000 3.633333 3.666667 3.700000
3.733333 3.766667 3.800000 3.833333 3.866667 3.900000 3.933333 3.966667 4.000000 4.033333 4.066667 4.100000 4.133333 4.166667 4.200000 4.233333
4.266667 4.300000 4.333333 4.366667 4.400000 4.433333 4.466667 4.500000 4.533333 4.566667 4.600000 4.633333 4.666667 4.700000 4.733333 4.766667
4.800000 4.833333 4.866667 4.900000 4.933333 4.966667 5.000000 5.033333 5.066667 5.100000 5.133333 5.166667 5.200000 5.233333 5.266667 5.300000
5.333333 5.366667 5.400000 5.433333 5.466667 5.500000 5.533333 5.566667 5.600000 5.633333 5.666667 5.700000 5.733333 5.766667 5.800000 5.833333
5.866667 5.900000 5.933333 5.966667 6.000000 6.033333 6.066667 6.100000</float_array><technique_common><accessor source="#Hips-Matrix-animation-input-array" count="184"><param name="TIME" type="float"/></accessor></technique_common></source><source id="Hips-Matrix-animation-output-transform"><float_array id="Hips-Matrix-animation-output-transform-array" count="2944">

0.942013 -0.029323 -0.334292 0.295055 -0.039970 0.979279 -0.198531 96.377602 0.333186 0.200380 0.921322 -1.969276 0.000000 0.000000 0.000000 1.000000
0.940949 -0.029243 -0.337282 0.306123 -0.040514 0.979376 -0.197940 96.392044 0.336115 0.199917 0.920359 -1.984974 0.000000 0.000000 0.000000 1.000000
0.939804 -0.029138 -0.340470 0.340502 -0.041119 0.979475 -0.197326 96.401321 0.339232 0.199447 0.919316 -1.986543 0.000000 0.000000 0.000000 1.000000
0.938583 -0.029020 -0.343830 0.394403 -0.041764 0.979577 -0.196684 96.404816 0.342516 0.198964 0.918203 -1.975103 0.000000 0.000000 0.000000 1.000000
0.937307 -0.028890 -0.347305 0.461331 -0.042434 0.979682 -0.196016 96.402473 0.345912 0.198465 0.917037 -1.954156 0.000000 0.000000 0.000000 1.000000
0.935984 -0.028745 -0.350867 0.540608 -0.043124 0.979793 -0.195310 96.392090 0.349391 0.197938 0.915831 -1.923763 0.000000 0.000000 0.000000 1.000000
0.934550 -0.028582 -0.354681 0.651795 -0.043853 0.979918 -0.194517 96.363724 0.353118 0.197340 0.914530 -1.869732 0.000000 0.000000 0.000000 1.000000
0.932886 -0.028447 -0.359047 0.824769 -0.044632 0.980062 -0.193613 96.310806 0.357396 0.196644 0.913017 -1.768922 0.000000 0.000000 0.000000 1.000000
0.930948 -0.028392 -0.364046 1.065111 -0.045452 0.980209 -0.192678 96.240479 0.362311 0.195920 0.911233 -1.612953 0.000000 0.000000 0.000000 1.000000
0.928851 -0.028467 -0.369359 1.349530 -0.046245 0.980334 -0.191850 96.167999 0.367556 0.195281 0.909268 -1.414506 0.000000 0.000000 0.000000 1.000000
0.926759 -0.028755 -0.374554 1.658855 -0.046838 0.980440 -0.191162 96.098801 0.372725 0.194704 0.907285 -1.185690 0.000000 0.000000 0.000000 1.000000
0.924743 -0.029381 -0.379456 1.989653 -0.047031 0.980553 -0.190538 96.029114 0.377674 0.194045 0.905378 -0.926945 0.000000 0.000000 0.000000 1.000000
0.922717 -0.030351 -0.384282 2.339320 -0.046885 0.980658 -0.190031 95.961220 0.382616 0.193362 0.903447 -0.634520 0.000000 0.000000 0.000000 1.000000
0.920545 -0.031427 -0.389370 2.697572 -0.046888 0.980663 -0.190004 95.906937 0.387812 0.193164 0.901271 -0.308879 0.000000 0.000000 0.000000 1.000000
0.918237 -0.032268 -0.394714 3.055906 -0.047609 0.980453 -0.190909 95.873756 0.393159 0.194092 0.898752 0.044350 0.000000 0.000000 0.000000 1.000000
0.916008 -0.032783 -0.399819 3.416646 -0.049081 0.980009 -0.192803 95.852676 0.398147 0.196233 0.896087 0.415757 0.000000 0.000000 0.000000 1.000000
0.914068 -0.033293 -0.404193 3.788864 -0.050629 0.979461 -0.195174 95.825493 0.402389 0.198866 0.893608 0.794462 0.000000 0.000000 0.000000 1.000000
0.912386 -0.034219 -0.407899 4.176656 -0.051480 0.978995 -0.197280 95.780533 0.406082 0.200994 0.891459 1.170968 0.000000 0.000000 0.000000 1.000000
0.910825 -0.035458 -0.411267 4.576281 -0.051527 0.978745 -0.198501 95.719627 0.409564 0.201991 0.889639 1.542491 0.000000 0.000000 0.000000 1.000000
0.909632 -0.036108 -0.413843 4.984606 -0.051360 0.978797 -0.198290 95.652618 0.412228 0.201626 0.888490 1.916515 0.000000 0.000000 0.000000 1.000000
0.909601 -0.035008 -0.414005 5.406665 -0.051597 0.979213 -0.196164 95.587143 0.412267 0.199793 0.888886 2.309315 0.000000 0.000000 0.000000 1.000000
0.911409 -0.031825 -0.410270 5.849454 -0.052326 0.979949 -0.192257 95.524277 0.408162 0.196692 0.891468 2.733089 0.000000 0.000000 0.000000 1.000000
0.914690 -0.027661 -0.403209 6.307417 -0.053170 0.980748 -0.187898 95.462555 0.400644 0.193306 0.895610 3.180233 0.000000 0.000000 0.000000 1.000000
0.918113 -0.024398 -0.395568 6.758044 -0.053683 0.981248 -0.185121 95.399933 0.392667 0.191197 0.899587 3.621380 0.000000 0.000000 0.000000 1.000000
0.920574 -0.023225 -0.389876 7.173193 -0.053662 0.981242 -0.185159 95.335136 0.386864 0.191374 0.902060 4.023731 0.000000 0.000000 0.000000 1.000000
0.922181 -0.023717 -0.386030 7.534503 -0.053216 0.980843 -0.187390 95.268295 0.383079 0.193350 0.903253 4.371491 0.000000 0.000000 0.000000 1.000000
0.923963 -0.024316 -0.381709 7.837656 -0.052616 0.980408 -0.189818 95.201172 0.378846 0.195469 0.904581 4.667731 0.000000 0.000000 0.000000 1.000000
0.926643 -0.023689 -0.375196 8.086348 -0.052140 0.980270 -0.190664 95.134224 0.372310 0.196240 0.907125 4.920219 0.000000 0.000000 0.000000 1.000000
0.929853 -0.021790 -0.367284 8.286090 -0.051951 0.980468 -0.189694 95.068207 0.364244 0.195468 0.910559 5.130488 0.000000 0.000000 0.000000 1.000000
0.932638 -0.019736 -0.360273 8.445233 -0.051995 0.980730 -0.188324 95.003532 0.357047 0.194371 0.913640 5.298519 0.000000 0.000000 0.000000 1.000000
0.934500 -0.018811 -0.355466 8.576173 -0.051964 0.980696 -0.188509 94.942894 0.352150 0.194633 0.915483 5.430418 0.000000 0.000000 0.000000 1.000000
0.935717 -0.019502 -0.352211 8.690514 -0.051549 0.980192 -0.191225 94.890739 0.348964 0.197089 0.916177 5.534916 0.000000 0.000000 0.000000 1.000000
0.936758 -0.021273 -0.349331 8.790653 -0.050726 0.979358 -0.195666 94.852737 0.346283 0.201012 0.916342 5.612728 0.000000 0.000000 0.000000 1.000000
0.937634 -0.023144 -0.346853 8.865612 -0.049758 0.978572 -0.199804 94.832954 0.344045 0.204602 0.916390 5.652606 0.000000 0.000000 0.000000 1.000000
0.937968 -0.024465 -0.345857 8.896142 -0.048924 0.978188 -0.201877 94.831253 0.343253 0.206275 0.916312 5.640374 0.000000 0.000000 0.000000 1.000000
0.937561 -0.025194 -0.346908 8.865499 -0.048278 0.978293 -0.201524 94.842514 0.344455 0.205689 0.915993 5.570020 0.000000 0.000000 0.000000 1.000000
0.936711 -0.025572 -0.349167 8.767868 -0.047738 0.978685 -0.199744 94.860352 0.346833 0.203771 0.915524 5.444937 0.000000 0.000000 0.000000 1.000000
0.935976 -0.025713 -0.351123 8.608298 -0.047369 0.979064 -0.197967 94.882401 0.348862 0.201924 0.915162 5.270035 0.000000 0.000000 0.000000 1.000000
0.935708 -0.025567 -0.351847 8.396064 -0.047362 0.979236 -0.197112 94.911507 0.349581 0.201103 0.915069 5.045876 0.000000 0.000000 0.000000 1.000000
0.935872 -0.025185 -0.351440 8.137669 -0.047720 0.979192 -0.197248 94.952087 0.349095 0.201369 0.915196 4.772645 0.000000 0.000000 0.000000 1.000000
0.936229 -0.024826 -0.350512 7.835428 -0.048094 0.979061 -0.197806 95.005775 0.348084 0.202049 0.915431 4.456410 0.000000 0.000000 0.000000 1.000000
0.936606 -0.024756 -0.349510 7.490951 -0.048036 0.979011 -0.198068 95.070740 0.347077 0.202300 0.915758 4.109054 0.000000 0.000000 0.000000 1.000000
0.936989 -0.025006 -0.348463 7.108047 -0.047375 0.979128 -0.197648 95.143898 0.346132 0.201703 0.916247 3.740079 0.000000 0.000000 0.000000 1.000000
0.937468 -0.025346 -0.347147 6.693282 -0.046349 0.979373 -0.196671 95.223152 0.344971 0.200463 0.916957 3.350195 0.000000 0.000000 0.000000 1.000000
0.938099 -0.025527 -0.345424 6.254595 -0.045346 0.979646 -0.195546 95.306519 0.343385 0.199105 0.917848 2.935901 0.000000 0.000000 0.000000 1.000000
0.938777 -0.025507 -0.343580 5.799809 -0.044576 0.979881 -0.194541 95.390160 0.341629 0.197946 0.918753 2.503082 0.000000 0.000000 0.000000 1.000000
0.939224 -0.025476 -0.342359 5.335479 -0.043989 0.980092 -0.193609 95.467148 0.340476 0.196902 0.919405 2.074168 0.000000 0.000000 0.000000 1.000000
0.939175 -0.025621 -0.342483 4.865792 -0.043496 0.980310 -0.192613 95.530823 0.340674 0.195794 0.919568 1.675555 0.000000 0.000000 0.000000 1.000000
0.938636 -0.025874 -0.343938 4.392283 -0.043208 0.980506 -0.191678 95.581039 0.342193 0.194777 0.919220 1.312738 0.000000 0.000000 0.000000 1.000000
0.937937 -0.025935 -0.345835 3.915137 -0.043380 0.980594 -0.191189 95.626785 0.344082 0.194325 0.918610 0.961697 0.000000 0.000000 0.000000 1.000000
0.937490 -0.025600 -0.347068 3.435690 -0.044094 0.980516 -0.191427 95.681854 0.345206 0.194765 0.918095 0.591636 0.000000 0.000000 0.000000 1.000000
0.937541 -0.025021 -0.346973 2.960775 -0.045028 0.980291 -0.192359 95.756096 0.344947 0.195968 0.917937 0.197094 0.000000 0.000000 0.000000 1.000000
0.938203 -0.024622 -0.345208 2.506032 -0.045598 0.979976 -0.193823 95.850876 0.343068 0.197586 0.918294 -0.195766 0.000000 0.000000 0.000000 1.000000
0.939577 -0.024759 -0.341441 2.091887 -0.045324 0.979605 -0.195757 95.958130 0.339324 0.199404 0.919292 -0.553842 0.000000 0.000000 0.000000 1.000000
0.941598 -0.025491 -0.335772 1.730104 -0.044104 0.979206 -0.198019 96.064781 0.333837 0.201263 0.920894 -0.863041 0.000000 0.000000 0.000000 1.000000
0.943791 -0.026619 -0.329470 1.412272 -0.042253 0.978859 -0.200123 96.158112 0.327832 0.202795 0.922714 -1.129541 0.000000 0.000000 0.000000 1.000000
0.945444 -0.027799 -0.324597 1.115855 -0.040387 0.978666 -0.201449 96.226669 0.323272 0.203569 0.924151 -1.362229 0.000000 0.000000 0.000000 1.000000
0.946161 -0.028693 -0.322422 0.822470 -0.039065 0.978662 -0.201731 96.266960 0.321331 0.203465 0.924851 -1.562062 0.000000 0.000000 0.000000 1.000000
0.946124 -0.028916 -0.322511 0.534101 -0.038658 0.978794 -0.201165 96.277031 0.321489 0.202795 0.924943 -1.723605 0.000000 0.000000 0.000000 1.000000
0.945796 -0.028243 -0.323530 0.267112 -0.039205 0.978996 -0.200073 96.257431 0.322386 0.201912 0.924824 -1.844244 0.000000 0.000000 0.000000 1.000000
0.945438 -0.026866 -0.324692 0.037673 -0.040384 0.979245 -0.198616 96.213684 0.323289 0.200891 0.924731 -1.925708 0.000000 0.000000 0.000000 1.000000
0.944964 -0.025308 -0.326193 -0.144019 -0.041707 0.979552 -0.196823 96.154083 0.324504 0.199595 0.924586 -1.966638 0.000000 0.000000 0.000000 1.000000
0.944199 -0.024011 -0.328498 -0.270340 -0.042823 0.979926 -0.194709 96.085968 0.326579 0.197912 0.924217 -1.959523 0.000000 0.000000 0.000000 1.000000
0.943115 -0.023014 -0.331668 -0.333779 -0.043716 0.980356 -0.192333 96.009750 0.329579 0.195891 0.923582 -1.896405 0.000000 0.000000 0.000000 1.000000
0.941822 -0.022103 -0.335386 -0.330008 -0.044599 0.980794 -0.189880 95.920441 0.333141 0.193791 0.922747 -1.775770 0.000000 0.000000 0.000000 1.000000
0.940439 -0.021271 -0.339297 -0.260098 -0.045531 0.981169 -0.187710 95.811752 0.336901 0.191978 0.921760 -1.601920 0.000000 0.000000 0.000000 1.000000
0.939035 -0.020953 -0.343183 -0.130934 -0.046140 0.981433 -0.186170 95.687485 0.340712 0.190655 0.920634 -1.381272 0.000000 0.000000 0.000000 1.000000
0.937624 -0.021540 -0.346984 0.048254 -0.046019 0.981606 -0.185290 95.559746 0.344593 0.189700 0.919386 -1.118813 0.000000 0.000000 0.000000 1.000000
0.936176 -0.022791 -0.350791 0.268053 -0.045335 0.981735 -0.184773 95.439911 0.348595 0.188883 0.918044 -0.819201 0.000000 0.000000 0.000000 1.000000
0.934664 -0.023851 -0.354730 0.522287 -0.044894 0.981843 -0.184305 95.329575 0.352686 0.188188 0.916623 -0.486963 0.000000 0.000000 0.000000 1.000000
0.933086 -0.023982 -0.358854 0.811433 -0.045442 0.981917 -0.183777 95.221176 0.356772 0.187786 0.915123 -0.123696 0.000000 0.000000 0.000000 1.000000
0.931387 -0.023403 -0.363277 1.137366 -0.046805 0.981950 -0.183259 95.113983 0.361008 0.187688 0.913480 0.271187 0.000000 0.000000 0.000000 1.000000
0.929370 -0.023144 -0.368423 1.496566 -0.048048 0.981959 -0.182889 95.019661 0.366009 0.187673 0.911491 0.696249 0.000000 0.000000 0.000000 1.000000
0.926863 -0.023930 -0.374637 1.881342 -0.048498 0.981970 -0.182708 94.951065 0.372255 0.187514 0.908991 1.144442 0.000000 0.000000 0.000000 1.000000
0.924180 -0.025235 -0.381122 2.290034 -0.048396 0.982037 -0.182378 94.907776 0.378878 0.186995 0.906358 1.606516 0.000000 0.000000 0.000000 1.000000
0.922294 -0.025614 -0.385639 2.732291 -0.048455 0.982265 -0.181127 94.875893 0.383439 0.185738 0.904697 2.078990 0.000000 0.000000 0.000000 1.000000
0.922143 -0.024082 -0.386099 3.219477 -0.049014 0.982744 -0.178360 94.841026 0.383731 0.183398 0.905050 2.564167 0.000000 0.000000 0.000000 1.000000
0.923596 -0.021096 -0.382787 3.750141 -0.049855 0.983396 -0.174488 94.796440 0.380113 0.180240 0.907209 3.059781 0.000000 0.000000 0.000000 1.000000
0.925393 -0.018096 -0.378576 4.306312 -0.050663 0.983989 -0.170876 94.741989 0.375607 0.177307 0.909660 3.551596 0.000000 0.000000 0.000000 1.000000
0.926272 -0.016236 -0.376505 4.856757 -0.051374 0.984304 -0.168836 94.683060 0.373337 0.175731 0.910900 4.020771 0.000000 0.000000 0.000000 1.000000
0.925961 -0.015694 -0.377293 5.360490 -0.052070 0.984285 -0.168735 94.633034 0.374012 0.175888 0.910592 4.455515 0.000000 0.000000 0.000000 1.000000
0.925088 -0.016010 -0.379416 5.776519 -0.052716 0.984024 -0.170054 94.609230 0.376077 0.177316 0.909464 4.851866 0.000000 0.000000 0.000000 1.000000
0.924349 -0.016759 -0.381181 6.085542 -0.053129 0.983649 -0.172082 94.622505 0.377832 0.179315 0.908344 5.209096 0.000000 0.000000 0.000000 1.000000
0.923927 -0.017798 -0.382154 6.304991 -0.053202 0.983233 -0.174418 94.669037 0.378851 0.181481 0.907489 5.533696 0.000000 0.000000 0.000000 1.000000
0.923619 -0.019100 -0.382835 6.474810 -0.053023 0.982790 -0.176955 94.735428 0.379626 0.183738 0.906711 5.841279 0.000000 0.000000 0.000000 1.000000
0.923250 -0.020608 -0.383647 6.625502 -0.052734 0.982312 -0.179672 94.810883 0.380564 0.186113 0.905833 6.135100 0.000000 0.000000 0.000000 1.000000
0.922834 -0.022252 -0.384555 6.760750 -0.052392 0.981802 -0.182538 94.892845 0.381618 0.188599 0.904874 6.380001 0.000000 0.000000 0.000000 1.000000
0.922465 -0.023991 -0.385335 6.868811 -0.051977 0.981264 -0.185523 94.983208 0.382567 0.191167 0.903935 6.517736 0.000000 0.000000 0.000000 1.000000
0.922183 -0.025811 -0.385892 6.942664 -0.051472 0.980704 -0.188601 95.082092 0.383314 0.193787 0.903060 6.520625 0.000000 0.000000 0.000000 1.000000
0.921965 -0.027692 -0.386281 6.988958 -0.050896 0.980125 -0.191742 95.186440 0.383913 0.196439 0.902232 6.420920 0.000000 0.000000 0.000000 1.000000
0.921778 -0.029602 -0.386587 7.020741 -0.050288 0.979531 -0.194912 95.293144 0.384443 0.199107 0.901421 6.278745 0.000000 0.000000 0.000000 1.000000
0.921614 -0.031505 -0.386828 7.045920 -0.049679 0.978925 -0.198087 95.399757 0.384916 0.201777 0.900625 6.132144 0.000000 0.000000 0.000000 1.000000
0.921496 -0.033368 -0.386951 7.060321 -0.049083 0.978310 -0.201249 95.506996 0.385273 0.204443 0.899871 5.985636 0.000000 0.000000 0.000000 1.000000
0.921464 -0.035107 -0.386873 7.055949 -0.048555 0.977688 -0.204372 95.611435 0.385416 0.207106 0.899200 5.836334 0.000000 0.000000 0.000000 1.000000
0.921564 -0.036752 -0.386484 7.025883 -0.048019 0.977074 -0.207414 95.714790 0.385246 0.209704 0.898671 5.693677 0.000000 0.000000 0.000000 1.000000
0.921806 -0.038291 -0.385757 6.974710 -0.047460 0.976476 -0.210337 95.815948 0.384736 0.212198 0.898304 5.577709 0.000000 0.000000 0.000000 1.000000
0.922156 -0.039688 -0.384778 6.915972 -0.046931 0.975895 -0.213135 95.910522 0.383962 0.214602 0.898064 5.495940 0.000000 0.000000 0.000000 1.000000
0.922568 -0.040930 -0.383657 6.855227 -0.046482 0.975325 -0.215826 95.998184 0.383024 0.216948 0.897901 5.427608 0.000000 0.000000 0.000000 1.000000
0.923057 -0.041830 -0.382381 6.780729 -0.046289 0.974767 -0.218373 96.073921 0.381867 0.219271 0.897829 5.336114 0.000000 0.000000 0.000000 1.000000
0.923816 -0.042197 -0.380503 6.666657 -0.046355 0.974265 -0.220588 96.132339 0.380019 0.221421 0.898086 5.194175 0.000000 0.000000 0.000000 1.000000
0.925218 -0.042120 -0.377091 6.494610 -0.046214 0.973912 -0.222172 96.174171 0.376611 0.222984 0.899134 4.996623 0.000000 0.000000 0.000000 1.000000
0.927577 -0.041961 -0.371269 6.270860 -0.045182 0.973785 -0.222939 96.207504 0.370891 0.223568 0.901364 4.751879 0.000000 0.000000 0.000000 1.000000
0.930795 -0.041908 -0.363132 6.017110 -0.043155 0.973862 -0.223005 96.239883 0.362986 0.223243 0.904657 4.466897 0.000000 0.000000 0.000000 1.000000
0.934250 -0.041702 -0.354172 5.744228 -0.040915 0.974047 -0.222616 96.272293 0.354263 0.222470 0.908298 4.141705 0.000000 0.000000 0.000000 1.000000
0.937079 -0.041080 -0.346693 5.439391 -0.039308 0.974323 -0.221696 96.302956 0.346898 0.221374 0.911403 3.777427 0.000000 0.000000 0.000000 1.000000
0.938616 -0.040438 -0.342584 5.077487 -0.038172 0.974831 -0.219652 96.336594 0.342844 0.219246 0.913449 3.387119 0.000000 0.000000 0.000000 1.000000
0.938711 -0.040666 -0.342298 4.642935 -0.036473 0.975725 -0.215940 96.386330 0.342771 0.215190 0.914441 2.994535 0.000000 0.000000 0.000000 1.000000
0.937821 -0.042143 -0.344550 4.145620 -0.033584 0.976930 -0.210901 96.461517 0.345490 0.209359 0.914771 2.616616 0.000000 0.000000 0.000000 1.000000
0.936882 -0.044110 -0.346853 3.622508 -0.030145 0.978126 -0.205816 96.555267 0.348345 0.203281 0.915059 2.246051 0.000000 0.000000 0.000000 1.000000
0.936831 -0.045292 -0.346838 3.121215 -0.027481 0.978986 -0.202070 96.646835 0.348701 0.198837 0.915899 1.856070 0.000000 0.000000 0.000000 1.000000
0.937994 -0.045052 -0.343712 2.673275 -0.026392 0.979360 -0.200391 96.718964 0.345646 0.197037 0.917445 1.425787 0.000000 0.000000 0.000000 1.000000
0.939878 -0.043759 -0.338695 2.278452 -0.026737 0.979285 -0.200716 96.771538 0.340462 0.197704 0.919238 0.960896 0.000000 0.000000 0.000000 1.000000
0.941656 -0.042111 -0.333931 1.915343 -0.027963 0.978923 -0.202305 96.815079 0.335412 0.199839 0.920632 0.490484 0.000000 0.000000 0.000000 1.000000
0.942833 -0.040407 -0.330806 1.567779 -0.029616 0.978537 -0.203934 96.852875 0.331947 0.202073 0.921400 0.046603 0.000000 0.000000 0.000000 1.000000
0.943460 -0.038580 -0.329233 1.240152 -0.031332 0.978379 -0.204433 96.873505 0.330001 0.203190 0.921853 -0.352439 0.000000 0.000000 0.000000 1.000000
0.943849 -0.036633 -0.328341 0.951270 -0.032780 0.978546 -0.203406 96.861519 0.328748 0.202747 0.922398 -0.703779 0.000000 0.000000 0.000000 1.000000
0.944179 -0.034782 -0.327591 0.716415 -0.033830 0.978916 -0.201442 96.813004 0.327690 0.201280 0.923096 -1.011512 0.000000 0.000000 0.000000 1.000000
0.944388 -0.033243 -0.327149 0.535801 -0.034662 0.979271 -0.199565 96.739708 0.327002 0.199807 0.923660 -1.278355 0.000000 0.000000 0.000000 1.000000
0.944325 -0.032113 -0.327443 0.396914 -0.035528 0.979453 -0.198516 96.660507 0.327091 0.199097 0.923781 -1.503642 0.000000 0.000000 0.000000 1.000000
0.943931 -0.031463 -0.328640 0.286735 -0.036456 0.979427 -0.198478 96.590363 0.328124 0.199331 0.923365 -1.685927 0.000000 0.000000 0.000000 1.000000
0.943250 -0.031347 -0.330601 0.202520 -0.037256 0.979261 -0.199146 96.536552 0.329988 0.200161 0.922520 -1.826105 0.000000 0.000000 0.000000 1.000000
0.942334 -0.031610 -0.333177 0.152102 -0.037825 0.979092 -0.199872 96.501175 0.332529 0.200949 0.921436 -1.927814 0.000000 0.000000 0.000000 1.000000
0.941188 -0.031820 -0.336382 0.145807 -0.038366 0.979052 -0.199963 96.482491 0.335698 0.201108 0.920251 -1.995285 0.000000 0.000000 0.000000 1.000000
0.939801 -0.031538 -0.340265 0.188808 -0.039231 0.979191 -0.199111 96.474144 0.339464 0.200473 0.919007 -2.030015 0.000000 0.000000 0.000000 1.000000
0.938209 -0.030688 -0.344705 0.280633 -0.040562 0.979444 -0.197597 96.463737 0.343683 0.199369 0.917678 -2.029082 0.000000 0.000000 0.000000 1.000000
0.936499 -0.029618 -0.349417 0.418988 -0.042140 0.979700 -0.195988 96.436195 0.348129 0.198267 0.916240 -1.987000 0.000000 0.000000 0.000000 1.000000
0.934731 -0.028786 -0.354188 0.600933 -0.043580 0.979904 -0.194649 96.383614 0.352674 0.197380 0.914692 -1.900531 0.000000 0.000000 0.000000 1.000000
0.932889 -0.028405 -0.359041 0.820829 -0.044663 0.980067 -0.193583 96.312683 0.357383 0.196627 0.913025 -1.772374 0.000000 0.000000 0.000000 1.000000
0.930923 -0.028364 -0.364112 1.072184 -0.045492 0.980209 -0.192667 96.237648 0.362370 0.195922 0.911209 -1.608509 0.000000 0.000000 0.000000 1.000000
0.928850 -0.028482 -0.369360 1.350878 -0.046235 0.980332 -0.191864 96.167297 0.367560 0.195290 0.909264 -1.413253 0.000000 0.000000 0.000000 1.000000
0.926768 -0.028768 -0.374531 1.656690 -0.046822 0.980440 -0.191169 96.099609 0.372705 0.194706 0.907293 -1.186940 0.000000 0.000000 0.000000 1.000000
0.924745 -0.029378 -0.379451 1.988765 -0.047031 0.980553 -0.190535 96.029533 0.377669 0.194043 0.905380 -0.927641 0.000000 0.000000 0.000000 1.000000
0.922715 -0.030346 -0.384287 2.339821 -0.046890 0.980658 -0.190028 95.961052 0.382621 0.193361 0.903445 -0.634271 0.000000 0.000000 0.000000 1.000000
0.920544 -0.031426 -0.389374 2.698005 -0.046890 0.980663 -0.190004 95.906845 0.387815 0.193165 0.901269 -0.308546 0.000000 0.000000 0.000000 1.000000
0.918237 -0.032270 -0.394714 3.055830 -0.047608 0.980452 -0.190910 95.873756 0.393159 0.194092 0.898752 0.044343 0.000000 0.000000 0.000000 1.000000
0.916008 -0.032784 -0.399817 3.416517 -0.049080 0.980009 -0.192803 95.852722 0.398146 0.196233 0.896088 0.415651 0.000000 0.000000 0.000000 1.000000
0.914067 -0.033293 -0.404193 3.788852 -0.050630 0.979461 -0.195173 95.825508 0.402390 0.198866 0.893608 0.794436 0.000000 0.000000 0.000000 1.000000
0.912385 -0.034219 -0.407899 4.176680 -0.051480 0.978995 -0.197280 95.780548 0.406082 0.200994 0.891459 1.171001 0.000000 0.000000 0.000000 1.000000
0.910825 -0.035458 -0.411267 4.576305 -0.051527 0.978745 -0.198501 95.719604 0.409564 0.201991 0.889639 1.542485 0.000000 0.000000 0.000000 1.000000
0.909632 -0.036108 -0.413843 4.984600 -0.051359 0.978797 -0.198290 95.652817 0.412228 0.201626 0.888490 1.916525 0.000000 0.000000 0.000000 1.000000
0.909601 -0.035008 -0.414005 5.406643 -0.051597 0.979213 -0.196164 95.587158 0.412267 0.199793 0.888886 2.309307 0.000000 0.000000 0.000000 1.000000
0.911409 -0.031824 -0.410270 5.849466 -0.052326 0.979949 -0.192256 95.524261 0.408162 0.196692 0.891469 2.733083 0.000000 0.000000 0.000000 1.000000
0.914690 -0.027661 -0.403209 6.307421 -0.053169 0.980748 -0.187898 95.462540 0.400644 0.193307 0.895610 3.180230 0.000000 0.000000 0.000000 1.000000
0.918112 -0.024398 -0.395569 6.758037 -0.053684 0.981248 -0.185121 95.399925 0.392668 0.191198 0.899586 3.621390 0.000000 0.000000 0.000000 1.000000
0.920574 -0.023225 -0.389877 7.173197 -0.053662 0.981242 -0.185159 95.335129 0.386864 0.191374 0.902060 4.023730 0.000000 0.000000 0.000000 1.000000
0.922181 -0.023717 -0.386030 7.534497 -0.053216 0.980843 -0.187390 95.268333 0.383079 0.193350 0.903253 4.371491 0.000000 0.000000 0.000000 1.000000
0.923962 -0.024316 -0.381709 7.837662 -0.052616 0.980408 -0.189818 95.201157 0.378847 0.195469 0.904581 4.667723 0.000000 0.000000 0.000000 1.000000
0.926643 -0.023689 -0.375196 8.086346 -0.052140 0.980270 -0.190664 95.134239 0.372310 0.196240 0.907125 4.920223 0.000000 0.000000 0.000000 1.000000
0.929853 -0.021790 -0.367285 8.286094 -0.051952 0.980468 -0.189693 95.068130 0.364244 0.195468 0.910559 5.130480 0.000000 0.000000 0.000000 1.000000
0.932638 -0.019736 -0.360273 8.445235 -0.051995 0.980730 -0.188324 95.003532 0.357047 0.194371 0.913640 5.298519 0.000000 0.000000 0.000000 1.000000
0.934500 -0.018811 -0.355466 8.576173 -0.051964 0.980696 -0.188509 94.942894 0.352150 0.194633 0.915483 5.430418 0.000000 0.000000 0.000000 1.000000
0.935717 -0.019502 -0.352211 8.690514 -0.051549 0.980192 -0.191225 94.890739 0.348964 0.197089 0.916177 5.534916 0.000000 0.000000 0.000000 1.000000
0.936758 -0.021273 -0.349331 8.790648 -0.050727 0.979358 -0.195666 94.852707 0.346283 0.201012 0.916342 5.612731 0.000000 0.000000 0.000000 1.000000
0.937634 -0.023144 -0.346854 8.865622 -0.049758 0.978572 -0.199804 94.832970 0.344045 0.204602 0.916390 5.652607 0.000000 0.000000 0.000000 1.000000
0.937968 -0.024465 -0.345857 8.896142 -0.048924 0.978188 -0.201877 94.831253 0.343253 0.206275 0.916312 5.640374 0.000000 0.000000 0.000000 1.000000
0.937561 -0.025194 -0.346908 8.865502 -0.048278 0.978293 -0.201524 94.842537 0.344455 0.205689 0.915993 5.570018 0.000000 0.000000 0.000000 1.000000
0.936711 -0.025572 -0.349168 8.767867 -0.047738 0.978685 -0.199744 94.860382 0.346833 0.203771 0.915524 5.444937 0.000000 0.000000 0.000000 1.000000
0.935976 -0.025713 -0.351122 8.608306 -0.047369 0.979063 -0.197967 94.882393 0.348861 0.201925 0.915162 5.270034 0.000000 0.000000 0.000000 1.000000
0.935708 -0.025567 -0.351847 8.396067 -0.047362 0.979236 -0.197112 94.911499 0.349581 0.201103 0.915069 5.045877 0.000000 0.000000 0.000000 1.000000
0.935872 -0.025185 -0.351440 8.137662 -0.047720 0.979192 -0.197248 94.952087 0.349095 0.201369 0.915196 4.772649 0.000000 0.000000 0.000000 1.000000
0.936229 -0.024826 -0.350512 7.835430 -0.048095 0.979061 -0.197806 95.005775 0.348084 0.202049 0.915431 4.456410 0.000000 0.000000 0.000000 1.000000
0.936606 -0.024756 -0.349510 7.490942 -0.048035 0.979011 -0.198068 95.070740 0.347077 0.202301 0.915758 4.109051 0.000000 0.000000 0.000000 1.000000
0.936989 -0.025006 -0.348463 7.108035 -0.047375 0.979128 -0.197648 95.143913 0.346132 0.201703 0.916247 3.740079 0.000000 0.000000 0.000000 1.000000
0.937468 -0.025347 -0.347147 6.693270 -0.046348 0.979373 -0.196672 95.223137 0.344971 0.200463 0.916957 3.350197 0.000000 0.000000 0.000000 1.000000
0.938100 -0.025527 -0.345424 6.254605 -0.045346 0.979646 -0.195546 95.306519 0.343385 0.199105 0.917848 2.935915 0.000000 0.000000 0.000000 1.000000
0.938777 -0.025507 -0.343580 5.799845 -0.044576 0.979881 -0.194541 95.390182 0.341630 0.197946 0.918753 2.503081 0.000000 0.000000 0.000000 1.000000
0.939224 -0.025476 -0.342360 5.335469 -0.043989 0.980092 -0.193609 95.467110 0.340476 0.196902 0.919405 2.074155 0.000000 0.000000 0.000000 1.000000
0.939175 -0.025621 -0.342483 4.865702 -0.043496 0.980310 -0.192613 95.530807 0.340674 0.195794 0.919568 1.675544 0.000000 0.000000 0.000000 1.000000
0.938636 -0.025873 -0.343939 4.392293 -0.043208 0.980506 -0.191678 95.581024 0.342193 0.194777 0.919220 1.312761 0.000000 0.000000 0.000000 1.000000
0.937937 -0.025935 -0.345836 3.915362 -0.043380 0.980594 -0.191189 95.626801 0.344083 0.194326 0.918610 0.961788 0.000000 0.000000 0.000000 1.000000
0.937490 -0.025602 -0.347069 3.435844 -0.044092 0.980516 -0.191429 95.681793 0.345208 0.194766 0.918095 0.591664 0.000000 0.000000 0.000000 1.000000
0.937542 -0.025022 -0.346971 2.960175 -0.045026 0.980291 -0.192358 95.756065 0.344945 0.195967 0.917938 0.196841 0.000000 0.000000 0.000000 1.000000
0.938205 -0.024617 -0.345203 2.505141 -0.045601 0.979977 -0.193820 95.850670 0.343062 0.197585 0.918297 -0.195988 0.000000 0.000000 0.000000 1.000000
0.939576 -0.024753 -0.341444 2.092972 -0.045330 0.979605 -0.195755 95.957977 0.339325 0.199405 0.919291 -0.553242 0.000000 0.000000 0.000000 1.000000
0.941592 -0.025503 -0.335788 1.733542 -0.044097 0.979204 -0.198025 96.065361 0.333855 0.201267 0.920887 -0.861908 0.000000 0.000000 0.000000 1.000000
0.943789 -0.026647 -0.329471 1.411159 -0.042229 0.978858 -0.200133 96.158951 0.327839 0.202797 0.922711 -1.130634 0.000000 0.000000 0.000000 1.000000
0.945460 -0.027784 -0.324550 1.105048 -0.040388 0.978669 -0.201436 96.225792 0.323224 0.203557 0.924170 -1.366218 0.000000 0.000000 0.000000 1.000000
0.946163 -0.028615 -0.322424 0.825874 -0.039136 0.978664 -0.201703 96.264771 0.321317 0.203462 0.924856 -1.558714 0.000000 0.000000 0.000000 1.000000
0.945989 -0.029040 -0.322895 0.613639 -0.038658 0.978770 -0.201283 96.284500 0.321885 0.202894 0.924783 -1.694054 0.000000 0.000000 0.000000 1.000000
0.945365 -0.029193 -0.324706 0.481990 -0.038700 0.978892 -0.200682 96.299042 0.323710 0.202283 0.924280 -1.780398 0.000000 0.000000 0.000000 1.000000
0.944626 -0.029264 -0.326843 0.402223 -0.038920 0.978995 -0.200137 96.316956 0.325834 0.201775 0.923644 -1.842643 0.000000 0.000000 0.000000 1.000000
0.943847 -0.029321 -0.329079 0.346389 -0.039187 0.979087 -0.199630 96.337936 0.328050 0.201316 0.922960 -1.895581 0.000000 0.000000 0.000000 1.000000
0.942983 -0.029345 -0.331543 0.309193 -0.039529 0.979182 -0.199098 96.358788 0.330484 0.200852 0.922192 -1.938983 0.000000 0.000000 0.000000 1.000000
0.942013 -0.029322 -0.334292 0.295111 -0.039971 0.979279 -0.198531 96.377548 0.333186 0.200381 0.921322 -1.969244 0.000000 0.000000 0.000000 1.000000</float_array><technique_common><accessor source="#Hips-Matrix-animation-output-transform-array" count="184" stride="16"><param type="float4x4"/></accessor></technique_common></source><source id="Hips-Interpolations"><Name_array id="Hips-Interpolations-array" count="184">
 LINEAR LINEAR LINEAR LINEAR LINEAR LINEAR LINEAR LINEAR LINEAR LINEAR LINEAR
LINEAR LINEAR LINEAR LINEAR LINEAR LINEAR LINEAR LINEAR LINEAR LINEAR LINEAR LINEAR
LINEAR LINEAR LINEAR LINEAR LINEAR LINEAR LINEAR LINEAR LINEAR LINEAR LINEAR LINEAR
LINEAR LINEAR LINEAR LINEAR LINEAR LINEAR LINEAR LINEAR LINEAR LINEAR LINEAR LINEAR
LINEAR LINEAR LINEAR LINEAR LINEAR LINEAR LINEAR LINEAR LINEAR LINEAR LINEAR LINEAR
LINEAR LINEAR LINEAR LINEAR LINEAR LINEAR LINEAR LINEAR LINEAR LINEAR LINEAR LINEAR
LINEAR LINEAR LINEAR LINEAR LINEAR LINEAR LINEAR LINEAR LINEAR LINEAR LINEAR LINEAR
LINEAR LINEAR LINEAR LINEAR LINEAR LINEAR LINEAR LINEAR LINEAR LINEAR LINEAR LINEAR
LINEAR LINEAR LINEAR LINEAR LINEAR LINEAR LINEAR LINEAR LINEAR LINEAR LINEAR LINEAR
LINEAR LINEAR LINEAR LINEAR LINEAR LINEAR LINEAR LINEAR LINEAR LINEAR LINEAR LINEAR
LINEAR LINEAR LINEAR LINEAR LINEAR LINEAR LINEAR LINEAR LINEAR LINEAR LINEAR LINEAR
LINEAR LINEAR LINEAR LINEAR LINEAR LINEAR LINEAR LINEAR LINEAR LINEAR LINEAR LINEAR
LINEAR LINEAR LINEAR LINEAR LINEAR LINEAR LINEAR LINEAR LINEAR LINEAR LINEAR LINEAR
LINEAR LINEAR LINEAR LINEAR LINEAR LINEAR LINEAR LINEAR LINEAR LINEAR LINEAR LINEAR
LINEAR LINEAR LINEAR LINEAR LINEAR LINEAR LINEAR LINEAR LINEAR LINEAR LINEAR LINEAR
LINEAR LINEAR LINEAR LINEAR LINEAR</Name_array><technique_common><accessor source="#Hips-Interpolations-array" count="184"><param type="name"/></accessor></technique_common></source><sampler id="Hips-Matrix-animation-transform"><input semantic="INPUT" source="#Hips-Matrix-animation-input"/><input semantic="OUTPUT" source="#Hips-Matrix-animation-output-transform"/><input semantic="INTERPOLATION" source="#Hips-Interpolations"/></sampler><channel source="#Hips-Matrix-animation-transform" target="Hips/matrix"/></animation>
    <animation id="Spine-anim" name="Spine"><source id="Spine-Matrix-animation-input"><float_array id="Spine-Matrix-animation-input-array" count="184">

0.000000 0.033333 0.066667 0.100000 0.133333 0.166667 0.200000 0.233333 0.266667 0.300000 0.333333 0.366667 0.400000 0.433333 0.466667 0.500000
0.533333 0.566667 0.600000 0.633333 0.666667 0.700000 0.733333 0.766667 0.800000 0.833333 0.866667 0.900000 0.933333 0.966667 1.000000 1.033333
1.066667 1.100000 1.133333 1.166667 1.200000 1.233333 1.266667 1.300000 1.333333 1.366667 1.400000 1.433333 1.466667 1.500000 1.533333 1.566667
1.600000 1.633333 1.666667 1.700000 1.733333 1.766667 1.800000 1.833333 1.866667 1.900000 1.933333 1.966667 2.000000 2.033333 2.066667 2.100000
2.133333 2.166667 2.200000 2.233333 2.266667 2.300000 2.333333 2.366667 2.400000 2.433333 2.466667 2.500000 2.533333 2.566667 2.600000 2.633333
2.666667 2.700000 2.733333 2.766667 2.800000 2.833333 2.866667 2.900000 2.933333 2.966667 3.000000 3.033333 3.066667 3.100000 3.133333 3.166667
3.200000 3.233333 3.266667 3.300000 3.333333 3.366667 3.400000 3.433333 3.466667 3.500000 3.533333 3.566667 3.600000 3.633333 3.666667 3.700000
3.733333 3.766667 3.800000 3.833333 3.866667 3.900000 3.933333 3.966667 4.000000 4.033333 4.066667 4.100000 4.133333 4.166667 4.200000 4.233333
4.266667 4.300000 4.333333 4.366667 4.400000 4.433333 4.466667 4.500000 4.533333 4.566667 4.600000 4.633333 4.666667 4.700000 4.733333 4.766667
4.800000 4.833333 4.866667 4.900000 4.933333 4.966667 5.000000 5.033333 5.066667 5.100000 5.133333 5.166667 5.200000 5.233333 5.266667 5.300000
5.333333 5.366667 5.400000 5.433333 5.466667 5.500000 5.533333 5.566667 5.600000 5.633333 5.666667 5.700000 5.733333 5.766667 5.800000 5.833333
5.866667 5.900000 5.933333 5.966667 6.000000 6.033333 6.066667 6.100000</float_array><technique_common><accessor source="#Spine-Matrix-animation-input-array" count="184"><param name="TIME" type="float"/></accessor></technique_common></source><source id="Spine-Matrix-animation-output-transform"><float_array id="Spine-Matrix-animation-output-transform-array" count="2944">

0.999753 -0.019436 -0.010779 -0.023100 0.018793 0.998204 -0.056880 13.157000 0.011865 0.056663 0.998323 0.957400 0.000000 0.000000 0.000000 1.000000
0.999764 -0.019604 -0.009317 -0.023100 0.019048 0.998226 -0.056413 13.157000 0.010407 0.056222 0.998364 0.957400 0.000000 0.000000 0.000000 1.000000
0.999771 -0.019784 -0.008165 -0.023100 0.019296 0.998243 -0.056018 13.157000 0.009259 0.055848 0.998396 0.957400 0.000000 0.000000 0.000000 1.000000
0.999771 -0.020008 -0.007529 -0.023100 0.019558 0.998253 -0.055747 13.157000 0.008631 0.055587 0.998417 0.957400 0.000000 0.000000 0.000000 1.000000
0.999766 -0.020334 -0.007320 -0.023100 0.019896 0.998256 -0.055584 13.157000 0.008438 0.055426 0.998427 0.957400 0.000000 0.000000 0.000000 1.000000
0.999757 -0.020831 -0.007237 -0.023100 0.020398 0.998252 -0.055466 13.157000 0.008380 0.055305 0.998434 0.957400 0.000000 0.000000 0.000000 1.000000
0.999743 -0.021521 -0.007160 -0.023100 0.021093 0.998243 -0.055379 13.157000 0.008339 0.055214 0.998440 0.957400 0.000000 0.000000 0.000000 1.000000
0.999725 -0.022306 -0.007249 -0.023100 0.021871 0.998226 -0.055372 13.157000 0.008471 0.055198 0.998439 0.957400 0.000000 0.000000 0.000000 1.000000
0.999706 -0.023006 -0.007647 -0.023100 0.022547 0.998206 -0.055464 13.157000 0.008909 0.055275 0.998431 0.957400 0.000000 0.000000 0.000000 1.000000
0.999691 -0.023432 -0.008251 -0.023100 0.022938 0.998191 -0.055580 13.157000 0.009539 0.055373 0.998420 0.957400 0.000000 0.000000 0.000000 1.000000
0.999685 -0.023490 -0.008791 -0.023100 0.022966 0.998190 -0.055581 13.157000 0.010080 0.055362 0.998415 0.957400 0.000000 0.000000 0.000000 1.000000
0.999689 -0.023269 -0.009019 -0.023100 0.022735 0.998208 -0.055349 13.157000 0.010291 0.055127 0.998426 0.957400 0.000000 0.000000 0.000000 1.000000
0.999696 -0.023015 -0.008859 -0.023100 0.022495 0.998243 -0.054824 13.157000 0.010105 0.054608 0.998457 0.957400 0.000000 0.000000 0.000000 1.000000
0.999701 -0.022963 -0.008399 -0.023100 0.022477 0.998288 -0.054006 13.157000 0.009625 0.053801 0.998505 0.957400 0.000000 0.000000 0.000000 1.000000
0.999702 -0.023143 -0.007807 -0.023100 0.022699 0.998340 -0.052931 13.157000 0.009019 0.052738 0.998568 0.957400 0.000000 0.000000 0.000000 1.000000
0.999702 -0.023308 -0.007227 -0.023100 0.022904 0.998401 -0.051674 13.157000 0.008420 0.051493 0.998638 0.957400 0.000000 0.000000 0.000000 1.000000
0.999710 -0.023115 -0.006736 -0.023100 0.022747 0.998471 -0.050378 13.157000 0.007890 0.050210 0.998708 0.957400 0.000000 0.000000 0.000000 1.000000
0.999728 -0.022416 -0.006371 -0.023100 0.022075 0.998542 -0.049264 13.157000 0.007466 0.049110 0.998765 0.957400 0.000000 0.000000 0.000000 1.000000
0.999751 -0.021425 -0.006194 -0.023100 0.021099 0.998596 -0.048597 13.157000 0.007226 0.048454 0.998799 0.957400 0.000000 0.000000 0.000000 1.000000
0.999768 -0.020584 -0.006333 -0.023100 0.020252 0.998614 -0.048579 13.157000 0.007324 0.048439 0.998799 0.957400 0.000000 0.000000 0.000000 1.000000
0.999771 -0.020265 -0.006928 -0.023100 0.019899 0.998589 -0.049230 13.157000 0.007916 0.049081 0.998763 0.957400 0.000000 0.000000 0.000000 1.000000
0.999757 -0.020529 -0.008001 -0.023100 0.020101 0.998530 -0.050327 13.157000 0.009023 0.050154 0.998701 0.957400 0.000000 0.000000 0.000000 1.000000
0.999733 -0.021128 -0.009388 -0.023100 0.020618 0.998461 -0.051476 13.157000 0.010461 0.051268 0.998630 0.957400 0.000000 0.000000 0.000000 1.000000
0.999706 -0.021722 -0.010782 -0.023100 0.021130 0.998407 -0.052314 13.157000 0.011901 0.052071 0.998572 0.957400 0.000000 0.000000 0.000000 1.000000
0.999685 -0.022101 -0.011910 -0.023100 0.021444 0.998378 -0.052740 13.157000 0.013056 0.052468 0.998537 0.957400 0.000000 0.000000 0.000000 1.000000
0.999673 -0.022237 -0.012664 -0.023100 0.021536 0.998363 -0.052992 13.157000 0.013822 0.052702 0.998515 0.957400 0.000000 0.000000 0.000000 1.000000
0.999669 -0.022161 -0.013100 -0.023100 0.021431 0.998338 -0.053496 13.157000 0.014264 0.053197 0.998482 0.957400 0.000000 0.000000 0.000000 1.000000
0.999672 -0.021878 -0.013294 -0.023100 0.021123 0.998289 -0.054532 13.157000 0.014464 0.054233 0.998424 0.957400 0.000000 0.000000 0.000000 1.000000
0.999684 -0.021328 -0.013270 -0.023100 0.020554 0.998221 -0.055963 13.157000 0.014440 0.055673 0.998345 0.957400 0.000000 0.000000 0.000000 1.000000
0.999704 -0.020543 -0.013015 -0.023100 0.019766 0.998165 -0.057244 13.157000 0.014167 0.056969 0.998275 0.957400 0.000000 0.000000 0.000000 1.000000
0.999726 -0.019740 -0.012569 -0.023100 0.018982 0.998150 -0.057758 13.157000 0.013686 0.057503 0.998252 0.957400 0.000000 0.000000 0.000000 1.000000
0.999742 -0.019234 -0.012057 -0.023100 0.018513 0.998188 -0.057262 13.157000 0.013137 0.057024 0.998286 0.957400 0.000000 0.000000 0.000000 1.000000
0.999748 -0.019202 -0.011616 -0.023100 0.018522 0.998253 -0.056103 13.157000 0.012673 0.055874 0.998357 0.957400 0.000000 0.000000 0.000000 1.000000
0.999746 -0.019504 -0.011300 -0.023100 0.018854 0.998307 -0.055024 13.157000 0.012354 0.054797 0.998421 0.957400 0.000000 0.000000 0.000000 1.000000
0.999744 -0.019729 -0.011074 -0.023100 0.019095 0.998320 -0.054697 13.157000 0.012134 0.054471 0.998442 0.957400 0.000000 0.000000 0.000000 1.000000
0.999752 -0.019437 -0.010891 -0.023100 0.018806 0.998291 -0.055325 13.157000 0.011947 0.055106 0.998409 0.957400 0.000000 0.000000 0.000000 1.000000
0.999772 -0.018421 -0.010765 -0.023100 0.017784 0.998239 -0.056585 13.157000 0.011788 0.056381 0.998340 0.957400 0.000000 0.000000 0.000000 1.000000
0.999801 -0.016775 -0.010764 -0.023100 0.016125 0.998192 -0.057905 13.157000 0.011716 0.057720 0.998264 0.957400 0.000000 0.000000 0.000000 1.000000
