<?xml version="1.0" encoding="utf-8"?>
<COLLADA xmlns="http://www.collada.org/2005/11/COLLADASchema" version="1.4.1">
  <asset><contributor><author>Mixamo</author><authoring_tool>COLLADA Mixamo exporter</authoring_tool><comments></comments></contributor><created>2019-05-10T17:18:28Z</created><modified>2019-05-10T17:18:28Z</modified><revision></revision><title></title><unit meter="0.010000"/><up_axis>Y_UP</up_axis></asset>
  <library_animations>
    <animation id="Hips-anim" name="Hips"><source id="Hips-Matrix-animation-input"><float_array id="Hips-Matrix-animation-input-array" count="30">

0.000000 0.033333 0.066667 0.100000 0.133333 0.166667 0.200000 0.233333 0.266667 0.300000 0.333333 0.366667 0.400000 0.433333 0.466667 0.500000
0.533333 0.566667 0.600000 0.633333 0.666667 0.700000 0.733333 0.766667 0.800000 0.833333 0.866667 0.900000 0.933333 0.966667</float_array><technique_common><accessor source="#Hips-Matrix-animation-input-array" count="30"><param name="TIME" type="float"/></accessor></technique_common></source><source id="Hips-Matrix-animation-output-transform"><float_array id="Hips-Matrix-animation-output-transform-array" count="480">

0.999157 0.006353 -0.040559 0.229217 -0.008641 0.998365 -0.056504 109.635696 0.040133 0.056807 0.997578 1.984517 0.000000 0.000000 0.000000 1.000000
0.998232 0.000513 -0.059437 0.321444 -0.003851 0.998420 -0.056053 109.123810 0.059314 0.056183 0.996657 2.543740 0.000000 0.000000 0.000000 1.000000
0.996723 -0.003200 -0.080830 0.533049 -0.000905 0.998713 -0.050701 108.178268 0.080889 0.050608 0.995438 3.129229 0.000000 0.000000 0.000000 1.000000
0.994734 -0.005264 -0.102358 0.895600 0.001040 0.999147 -0.041271 106.893890 0.102488 0.040947 0.993891 3.687499 0.000000 0.000000 0.000000 1.000000
0.992747 -0.005806 -0.120084 1.378719 0.001852 0.999453 -0.033009 105.610420 0.120210 0.032547 0.992215 4.094450 0.000000 0.000000 0.000000 1.000000
0.991384 -0.006652 -0.130821 1.892991 0.002311 0.999442 -0.033311 104.685654 0.130970 0.032722 0.990846 4.202594 0.000000 0.000000 0.000000 1.000000
0.990928 -0.009060 -0.134091 2.358912 0.003017 0.998973 -0.045199 104.451630 0.134363 0.044384 0.989938 3.869162 0.000000 0.000000 0.000000 1.000000
0.991023 -0.017181 -0.132582 2.756477 0.008803 0.997942 -0.063518 104.792755 0.133400 0.061780 0.989135 3.117783 0.000000 0.000000 0.000000 1.000000
0.990659 -0.032368 -0.132464 3.106328 0.022131 0.996705 -0.078030 105.377640 0.134553 0.074369 0.988112 2.199319 0.000000 0.000000 0.000000 1.000000
0.988856 -0.050835 -0.139930 3.430410 0.039671 0.995888 -0.081448 106.015526 0.143495 0.074989 0.986806 1.502001 0.000000 0.000000 0.000000 1.000000
0.985807 -0.068255 -0.153378 3.718588 0.057331 0.995567 -0.074556 106.623322 0.157787 0.064704 0.985351 1.357183 0.000000 0.000000 0.000000 1.000000
0.983499 -0.078525 -0.162983 3.938536 0.068927 0.995584 -0.063737 107.361397 0.167269 0.051451 0.984568 1.521637 0.000000 0.000000 0.000000 1.000000
0.984241 -0.081427 -0.156969 4.052418 0.073638 0.995777 -0.054825 108.059654 0.160771 0.042402 0.986081 1.821633 0.000000 0.000000 0.000000 1.000000
0.988045 -0.078742 -0.132540 4.061328 0.072734 0.996118 -0.049581 108.527740 0.135929 0.039348 0.989937 2.146574 0.000000 0.000000 0.000000 1.000000
0.992494 -0.073225 -0.097947 3.989560 0.068952 0.996544 -0.046330 108.627182 0.101001 0.039229 0.994113 2.490106 0.000000 0.000000 0.000000 1.000000
0.995534 -0.067940 -0.065546 3.869056 0.065232 0.996960 -0.042613 108.286491 0.068242 0.038147 0.996939 2.869696 0.000000 0.000000 0.000000 1.000000
0.996895 -0.065793 -0.043254 3.696845 0.064188 0.997233 -0.037503 107.531708 0.045602 0.034611 0.998360 3.249457 0.000000 0.000000 0.000000 1.000000
0.997280 -0.066365 -0.032063 3.446407 0.065316 0.997327 -0.032737 106.457054 0.034150 0.030554 0.998950 3.548320 0.000000 0.000000 0.000000 1.000000
0.997348 -0.066757 -0.028978 3.082828 0.065811 0.997304 -0.032470 105.345749 0.031067 0.030477 0.999053 3.681827 0.000000 0.000000 0.000000 1.000000
0.997594 -0.062166 -0.030695 2.612675 0.060892 0.997309 -0.040831 104.482216 0.033151 0.038864 0.998694 3.532430 0.000000 0.000000 0.000000 1.000000
0.998099 -0.050866 -0.034810 2.058919 0.048807 0.997143 -0.057655 104.037560 0.037643 0.055846 0.997730 3.014485 0.000000 0.000000 0.000000 1.000000
0.998632 -0.034846 -0.038981 1.471724 0.031792 0.996571 -0.076395 103.992950 0.041509 0.075051 0.996315 2.142556 0.000000 0.000000 0.000000 1.000000
0.999083 -0.016058 -0.039690 0.938326 0.012502 0.996017 -0.088278 104.241005 0.040949 0.087701 0.995305 1.120041 0.000000 0.000000 0.000000 1.000000
0.999444 0.005120 -0.032961 0.536269 -0.008056 0.995948 -0.089571 104.688416 0.032369 0.089786 0.995435 0.249462 0.000000 0.000000 0.000000 1.000000
0.999516 0.025580 -0.017680 0.276578 -0.026976 0.996110 -0.083888 105.251175 0.015465 0.084324 0.996318 -0.229733 0.000000 0.000000 0.000000 1.000000
0.999209 0.039772 0.000556 0.119646 -0.039610 0.996233 -0.077148 105.969948 -0.003623 0.077065 0.997020 -0.309751 0.000000 0.000000 0.000000 1.000000
0.999018 0.042819 0.011426 0.036305 -0.041892 0.996539 -0.071794 106.875076 -0.014461 0.071245 0.997354 -0.083587 0.000000 0.000000 0.000000 1.000000
0.999356 0.035156 0.007221 0.027198 -0.034595 0.997159 -0.066914 107.905884 -0.009553 0.066621 0.997733 0.396838 0.000000 0.000000 0.000000 1.000000
0.999702 0.021361 -0.011836 0.093779 -0.022052 0.997851 -0.061708 108.892029 0.010492 0.061951 0.998024 1.098323 0.000000 0.000000 0.000000 1.000000
0.999157 0.006353 -0.040559 0.229215 -0.008641 0.998365 -0.056504 109.635696 0.040133 0.056807 0.997578 1.984517 0.000000 0.000000 0.000000 1.000000</float_array><technique_common><accessor source="#Hips-Matrix-animation-output-transform-array" count="30" stride="16"><param type="float4x4"/></accessor></technique_common></source><source id="Hips-Interpolations"><Name_array id="Hips-Interpolations-array" count="30">
 LINEAR LINEAR LINEAR LINEAR LINEAR LINEAR LINEAR LINEAR LINEAR LINEAR LINEAR
LINEAR LINEAR LINEAR LINEAR LINEAR LINEAR LINEAR LINEAR LINEAR LINEAR LINEAR LINEAR
LINEAR LINEAR LINEAR LINEAR LINEAR LINEAR LINEAR</Name_array><technique_common><accessor source="#Hips-Interpolations-array" count="30"><param type="name"/></accessor></technique_common></source><sampler id="Hips-Matrix-animation-transform"><input semantic="INPUT" source="#Hips-Matrix-animation-input"/><input semantic="OUTPUT" source="#Hips-Matrix-animation-output-transform"/><input semantic="INTERPOLATION" source="#Hips-Interpolations"/></sampler><channel source="#Hips-Matrix-animation-transform" target="Hips/matrix"/></animation>
    <animation id="Spine-anim" name="Spine"><source id="Spine-Matrix-animation-input"><float_array id="Spine-Matrix-animation-input-array" count="30">

0.000000 0.033333 0.066667 0.100000 0.133333 0.166667 0.200000 0.233333 0.266667 0.300000 0.333333 0.366667 0.400000 0.433333 0.466667 0.500000
0.533333 0.566667 0.600000 0.633333 0.666667 0.700000 0.733333 0.766667 0.800000 0.833333 0.866667 0.900000 0.933333 0.966667</float_array><technique_common><accessor source="#Spine-Matrix-animation-input-array" count="30"><param name="TIME" type="float"/></accessor></technique_common></source><source id="Spine-Matrix-animation-output-transform"><float_array id="Spine-Matrix-animation-output-transform-array" count="480">

0.999575 0.012991 0.026110 -0.005700 -0.011781 0.998873 -0.045979 10.895800 -0.026678 0.045652 0.998601 -1.278700 0.000000 0.000000 0.000000 1.000000
0.999692 0.018203 0.016862 -0.005700 -0.017475 0.998948 -0.042392 10.895800 -0.017616 0.042085 0.998959 -1.278700 0.000000 0.000000 0.000000 1.000000
0.999770 0.019903 0.007983 -0.005700 -0.019564 0.998992 -0.040406 10.895800 -0.008780 0.040241 0.999151 -1.278700 0.000000 0.000000 0.000000 1.000000
0.999835 0.018161 -0.000293 -0.005700 -0.018158 0.999040 -0.039864 10.895800 -0.000432 0.039863 0.999205 -1.278700 0.000000 0.000000 0.000000 1.000000
0.999873 0.013696 -0.008106 -0.005700 -0.014003 0.999139 -0.039058 10.895800 0.007564 0.039167 0.999204 -1.278700 0.000000 0.000000 0.000000 1.000000
0.999834 0.009780 -0.015383 -0.005700 -0.010333 0.999289 -0.036251 10.895800 0.015017 0.036404 0.999224 -1.278700 0.000000 0.000000 0.000000 1.000000
0.999731 0.008883 -0.021445 -0.005700 -0.009575 0.999428 -0.032423 10.895800 0.021145 0.032620 0.999244 -1.278700 0.000000 0.000000 0.000000 1.000000
0.999552 0.015434 -0.025626 -0.005700 -0.016228 0.999386 -0.031041 10.895800 0.025131 0.031443 0.999190 -1.278700 0.000000 0.000000 0.000000 1.000000
0.999192 0.029949 -0.026794 -0.005700 -0.030868 0.998925 -0.034574 10.895800 0.025730 0.035373 0.999043 -1.278700 0.000000 0.000000 0.000000 1.000000
0.998594 0.047130 -0.024245 -0.005700 -0.048110 0.997977 -0.041568 10.895800 0.022237 0.042676 0.998841 -1.278700 0.000000 0.000000 0.000000 1.000000
0.997884 0.061699 -0.020491 -0.005700 -0.062612 0.996914 -0.047357 10.895800 0.017506 0.048540 0.998668 -1.278700 0.000000 0.000000 0.000000 1.000000
0.997514 0.068039 -0.018360 -0.005700 -0.068852 0.996471 -0.048001 10.895800 0.015030 0.049146 0.998679 -1.278700 0.000000 0.000000 0.000000 1.000000
0.997542 0.067353 -0.019336 -0.005700 -0.068139 0.996733 -0.043353 10.895800 0.016353 0.044564 0.998873 -1.278700 0.000000 0.000000 0.000000 1.000000
0.997806 0.062671 -0.021356 -0.005700 -0.063421 0.997321 -0.036461 10.895800 0.019014 0.037736 0.999107 -1.278700 0.000000 0.000000 0.000000 1.000000
0.998153 0.056989 -0.021036 -0.005700 -0.057615 0.997875 -0.030441 10.895800 0.019256 0.031596 0.999315 -1.278700 0.000000 0.000000 0.000000 1.000000
0.998470 0.052819 -0.016362 -0.005700 -0.053243 0.998227 -0.026623 10.895800 0.014927 0.027454 0.999512 -1.278700 0.000000 0.000000 0.000000 1.000000
0.998585 0.052608 -0.007779 -0.005700 -0.052786 0.998298 -0.024811 10.895800 0.006460 0.025186 0.999662 -1.278700 0.000000 0.000000 0.000000 1.000000
0.998448 0.055619 0.002940 -0.005700 -0.055533 0.998170 -0.023929 10.895800 -0.004265 0.023729 0.999709 -1.278700 0.000000 0.000000 0.000000 1.000000
0.998201 0.058288 0.014028 -0.005700 -0.057967 0.998069 -0.022331 10.895800 -0.015302 0.021477 0.999652 -1.278700 0.000000 0.000000 0.000000 1.000000
0.998169 0.055470 0.024110 -0.005700 -0.055015 0.998302 -0.019130 10.895800 -0.025130 0.017768 0.999526 -1.278700 0.000000 0.000000 0.000000 1.000000
0.998425 0.046347 0.031617 -0.005700 -0.045851 0.998816 -0.016241 10.895800 -0.032332 0.014765 0.999368 -1.278700 0.000000 0.000000 0.000000 1.000000
0.998813 0.033842 0.035039 -0.005700 -0.033233 0.999288 -0.017838 10.895800 -0.035618 0.016652 0.999227 -1.278700 0.000000 0.000000 0.000000 1.000000
0.999241 0.019073 0.033969 -0.005700 -0.018186 0.999490 -0.026232 10.895800 -0.034452 0.025594 0.999079 -1.278700 0.000000 0.000000 0.000000 1.000000
0.999560 0.000769 0.029649 -0.005700 0.000385 0.999243 -0.038895 10.895800 -0.029657 0.038889 0.998803 -1.278700 0.000000 0.000000 0.000000 1.000000
0.999540 -0.018128 0.024299 -0.005700 0.019338 0.998535 -0.050530 10.895800 -0.023347 0.050977 0.998427 -1.278700 0.000000 0.000000 0.000000 1.000000
0.999313 -0.030757 0.020670 -0.005700 0.031898 0.997847 -0.057309 10.895800 -0.018863 0.057929 0.998142 -1.278700 0.000000 0.000000 0.000000 1.000000
0.999298 -0.031351 0.020519 -0.005700 0.032508 0.997745 -0.058718 10.895800 -0.018632 0.059344 0.998064 -1.278700 0.000000 0.000000 0.000000 1.000000
0.999518 -0.020703 0.023123 -0.005700 0.021978 0.998171 -0.056324 10.895800 -0.021915 0.056805 0.998145 -1.278700 0.000000 0.000000 0.000000 1.000000
0.999659 -0.004158 0.025785 -0.005700 0.005490 0.998643 -0.051795 10.895800 -0.025535 0.051919 0.998325 -1.278700 0.000000 0.000000 0.000000 1.000000
0.999575 0.012991 0.026110 -0.005700 -0.011781 0.998873 -0.045979 10.895800 -0.026678 0.045652 0.998601 -1.278700 0.000000 0.000000 0.000000 1.000000</float_array><technique_common><accessor source="#Spine-Matrix-animation-output-transform-array" count="30" stride="16"><param type="float4x4"/></accessor></technique_common></source><source id="Spine-Interpolations"><Name_array id="Spine-Interpolations-array" count="30">
 LINEAR LINEAR LINEAR LINEAR LINEAR LINEAR LINEAR LINEAR LINEAR LINEAR LINEAR
LINEAR LINEAR LINEAR LINEAR LINEAR LINEAR LINEAR LINEAR LINEAR LINEAR LINEAR LINEAR
LINEAR LINEAR LINEAR LINEAR LINEAR LINEAR LINEAR</Name_array><technique_common><accessor source="#Spine-Interpolations-array" count="30"><param type="name"/></accessor></technique_common></source><sampler id="Spine-Matrix-animation-transform"><input semantic="INPUT" source="#Spine-Matrix-animation-input"/><input semantic="OUTPUT" source="#Spine-Matrix-animation-output-transform"/><input semantic="INTERPOLATION" source="#Spine-Interpolations"/></sampler><channel source="#Spine-Matrix-animation-transform" target="Spine/matrix"/></animation>
    <animation id="Spine1-anim" name="Spine1"><source id="Spine1-Matrix-animation-input"><float_array id="Spine1-Matrix-animation-input-array" count="30">

0.000000 0.033333 0.066667 0.100000 0.133333 0.166667 0.200000 0.233333 0.266667 0.300000 0.333333 0.366667 0.400000 0.433333 0.466667 0.500000
0.533333 0.566667 0.600000 0.633333 0.666667 0.700000 0.733333 0.766667 0.800000 0.833333 0.866667 0.900000 0.933333 0.966667</float_array><technique_common><accessor source="#Spine1-Matrix-animation-input-array" count="30"><param name="TIME" type="float"/></accessor></technique_common></source><source id="Spine1-Matrix-animation-output-transform"><float_array id="Spine1-Matrix-animation-output-transform-array" count="480">

0.999874 0.006421 0.014514 -0.006600 -0.005864 0.999256 -0.038130 12.711700 -0.014748 0.038040 0.999167 -1.491800 0.000000 0.000000 0.000000 1.000000
0.999925 0.006242 0.010577 -0.006600 -0.005869 0.999372 -0.034942 12.711700 -0.010789 0.034877 0.999333 -1.491800 0.000000 0.000000 0.000000 1.000000
0.999964 0.005176 0.006704 -0.006600 -0.004954 0.999456 -0.032614 12.711700 -0.006869 0.032580 0.999446 -1.491800 0.000000 0.000000 0.000000 1.000000
0.999989 0.003640 0.003096 -0.006600 -0.003542 0.999507 -0.031205 12.711700 -0.003208 0.031194 0.999508 -1.491800 0.000000 0.000000 0.000000 1.000000
0.999998 0.001974 -0.000453 -0.006600 -0.001987 0.999553 -0.029820 12.711700 0.000394 0.029820 0.999555 -1.491800 0.000000 0.000000 0.000000 1.000000
0.999991 0.000622 -0.004226 -0.006600 -0.000738 0.999619 -0.027578 12.711700 0.004207 0.027581 0.999611 -1.491800 0.000000 0.000000 0.000000 1.000000
0.999969 0.000681 -0.007896 -0.006600 -0.000880 0.999681 -0.025258 12.711700 0.007876 0.025264 0.999650 -1.491800 0.000000 0.000000 0.000000 1.000000
0.999941 0.003474 -0.010306 -0.006600 -0.003730 0.999683 -0.024896 12.711700 0.010217 0.024933 0.999637 -1.491800 0.000000 0.000000 0.000000 1.000000
0.999912 0.008639 -0.010108 -0.006600 -0.008913 0.999583 -0.027467 12.711700 0.009866 0.027555 0.999572 -1.491800 0.000000 0.000000 0.000000 1.000000
0.999886 0.013326 -0.007077 -0.006600 -0.013543 0.999412 -0.031506 12.711700 0.006653 0.031598 0.999479 -1.491800 0.000000 0.000000 0.000000 1.000000
0.999889 0.014567 -0.003039 -0.006600 -0.014663 0.999303 -0.034343 12.711700 0.002537 0.034384 0.999405 -1.491800 0.000000 0.000000 0.000000 1.000000
0.999925 0.012204 -0.000889 -0.006600 -0.012228 0.999329 -0.034538 12.711700 0.000467 0.034546 0.999403 -1.491800 0.000000 0.000000 0.000000 1.000000
0.999960 0.008748 -0.002108 -0.006600 -0.008812 0.999425 -0.032740 12.711700 0.001820 0.032757 0.999462 -1.491800 0.000000 0.000000 0.000000 1.000000
0.999963 0.006756 -0.005360 -0.006600 -0.006915 0.999517 -0.030295 12.711700 0.005153 0.030331 0.999527 -1.491800 0.000000 0.000000 0.000000 1.000000
0.999946 0.006922 -0.007743 -0.006600 -0.007136 0.999586 -0.027878 12.711700 0.007547 0.027932 0.999581 -1.491800 0.000000 0.000000 0.000000 1.000000
0.999938 0.008410 -0.007294 -0.006600 -0.008594 0.999633 -0.025682 12.711700 0.007075 0.025743 0.999644 -1.491800 0.000000 0.000000 0.000000 1.000000
0.999938 0.010285 -0.004229 -0.006600 -0.010383 0.999658 -0.023998 12.711700 0.003981 0.024041 0.999703 -1.491800 0.000000 0.000000 0.000000 1.000000
0.999925 0.012239 0.000026 -0.006600 -0.012235 0.999664 -0.022861 12.711700 -0.000306 0.022858 0.999739 -1.491800 0.000000 0.000000 0.000000 1.000000
0.999890 0.014103 0.004603 -0.006600 -0.014001 0.999672 -0.021439 12.711700 -0.004904 0.021372 0.999760 -1.491800 0.000000 0.000000 0.000000 1.000000
0.999839 0.015137 0.009634 -0.006600 -0.014953 0.999710 -0.018891 12.711700 -0.009917 0.018743 0.999775 -1.491800 0.000000 0.000000 0.000000 1.000000
0.999788 0.014169 0.014959 -0.006600 -0.013926 0.999771 -0.016238 12.711700 -0.015185 0.016027 0.999756 -1.491800 0.000000 0.000000 0.000000 1.000000
0.999766 0.010464 0.018931 -0.006600 -0.010156 0.999815 -0.016342 12.711700 -0.019098 0.016146 0.999687 -1.491800 0.000000 0.000000 0.000000 1.000000
0.999805 0.004502 0.019233 -0.006600 -0.004097 0.999770 -0.021057 12.711700 -0.019323 0.020974 0.999593 -1.491800 0.000000 0.000000 0.000000 1.000000
0.999882 -0.002024 0.015220 -0.006600 0.002462 0.999583 -0.028779 12.711700 -0.015156 0.028813 0.999470 -1.491800 0.000000 0.000000 0.000000 1.000000
0.999932 -0.007043 0.009244 -0.006600 0.007368 0.999337 -0.035649 12.711700 -0.008987 0.035715 0.999322 -1.491800 0.000000 0.000000 0.000000 1.000000
0.999945 -0.009062 0.005192 -0.006600 0.009259 0.999187 -0.039235 12.711700 -0.004832 0.039281 0.999217 -1.491800 0.000000 0.000000 0.000000 1.000000
0.999956 -0.007652 0.005361 -0.006600 0.007861 0.999162 -0.040166 12.711700 -0.005049 0.040206 0.999179 -1.491800 0.000000 0.000000 0.000000 1.000000
0.999955 -0.003554 0.008756 -0.006600 0.003903 0.999186 -0.040145 12.711700 -0.008606 0.040177 0.999156 -1.491800 0.000000 0.000000 0.000000 1.000000
0.999920 0.001657 0.012546 -0.006600 -0.001158 0.999212 -0.039679 12.711700 -0.012602 0.039662 0.999134 -1.491800 0.000000 0.000000 0.000000 1.000000
0.999874 0.006421 0.014514 -0.006600 -0.005864 0.999256 -0.038130 12.711700 -0.014748 0.038040 0.999167 -1.491800 0.000000 0.000000 0.000000 1.000000</float_array><technique_common><accessor source="#Spine1-Matrix-animation-output-transform-array" count="30" stride="16"><param type="float4x4"/></accessor></technique_common></source><source id="Spine1-Interpolations"><Name_array id="Spine1-Interpolations-array" count="30">
 LINEAR LINEAR LINEAR LINEAR LINEAR LINEAR LINEAR LINEAR LINEAR LINEAR LINEAR
LINEAR LINEAR LINEAR LINEAR LINEAR LINEAR LINEAR LINEAR LINEAR LINEAR LINEAR LINEAR
LINEAR LINEAR LINEAR LINEAR LINEAR LINEAR LINEAR</Name_array><technique_common><accessor source="#Spine1-Interpolations-array" count="30"><param type="name"/></accessor></technique_common></source><sampler id="Spine1-Matrix-animation-transform"><input semantic="INPUT" source="#Spine1-Matrix-animation-input"/><input semantic="OUTPUT" source="#Spine1-Matrix-animation-output-transform"/><input semantic="INTERPOLATION" source="#Spine1-Interpolations"/></sampler><channel source="#Spine1-Matrix-animation-transform" target="Spine1/matrix"/></animation>
    <animation id="Spine2-anim" name="Spine2"><source id="Spine2-Matrix-animation-input"><float_array id="Spine2-Matrix-animation-input-array" count="30">

0.000000 0.033333 0.066667 0.100000 0.133333 0.166667 0.200000 0.233333 0.266667 0.300000 0.333333 0.366667 0.400000 0.433333 0.466667 0.500000
0.533333 0.566667 0.600000 0.633333 0.666667 0.700000 0.733333 0.766667 0.800000 0.833333 0.866667 0.900000 0.933333 0.966667</float_array><technique_common><accessor source="#Spine2-Matrix-animation-input-array" count="30"><param name="TIME" type="float"/></accessor></technique_common></source><source id="Spine2-Matrix-animation-output-transform"><float_array id="Spine2-Matrix-animation-output-transform-array" count="480">

0.999887 0.005983 0.013806 -0.007600 -0.005449 0.999247 -0.038404 14.527700 -0.014025 0.038325 0.999167 -1.704900 0.000000 0.000000 0.000000 1.000000
0.999934 0.005916 0.009897 -0.007600 -0.005565 0.999367 -0.035150 14.527700 -0.010099 0.035092 0.999333 -1.704900 0.000000 0.000000 0.000000 1.000000
0.999970 0.004948 0.006016 -0.007600 -0.004748 0.999452 -0.032753 14.527700 -0.006175 0.032724 0.999445 -1.704900 0.000000 0.000000 0.000000 1.000000
0.999991 0.003491 0.002408 -0.007600 -0.003414 0.999505 -0.031276 14.527700 -0.002517 0.031268 0.999508 -1.704900 0.000000 0.000000 0.000000 1.000000
0.999998 0.001894 -0.001095 -0.007600 -0.001926 0.999553 -0.029827 14.527700 0.001038 0.029829 0.999554 -1.704900 0.000000 0.000000 0.000000 1.000000
0.999988 0.000609 -0.004781 -0.007600 -0.000740 0.999621 -0.027528 14.527700 0.004762 0.027531 0.999610 -1.704900 0.000000 0.000000 0.000000 1.000000
0.999965 0.000731 -0.008362 -0.007600 -0.000941 0.999683 -0.025160 14.527700 0.008341 0.025167 0.999648 -1.704900 0.000000 0.000000 0.000000 1.000000
0.999936 0.003564 -0.010709 -0.007600 -0.003829 0.999686 -0.024775 14.527700 0.010617 0.024815 0.999636 -1.704900 0.000000 0.000000 0.000000 1.000000
0.999907 0.008728 -0.010457 -0.007600 -0.009012 0.999585 -0.027364 14.527700 0.010214 0.027455 0.999571 -1.704900 0.000000 0.000000 0.000000 1.000000
0.999883 0.013373 -0.007376 -0.007600 -0.013598 0.999413 -0.031454 14.527700 0.006951 0.031550 0.999478 -1.704900 0.000000 0.000000 0.000000 1.000000
0.999889 0.014557 -0.003311 -0.007600 -0.014662 0.999303 -0.034339 14.527700 0.002809 0.034383 0.999405 -1.704900 0.000000 0.000000 0.000000 1.000000
0.999925 0.012165 -0.001177 -0.007600 -0.012199 0.999329 -0.034549 14.527700 0.000756 0.034561 0.999402 -1.704900 0.000000 0.000000 0.000000 1.000000
0.999959 0.008730 -0.002431 -0.007600 -0.008805 0.999425 -0.032737 14.527700 0.002144 0.032757 0.999461 -1.704900 0.000000 0.000000 0.000000 1.000000
0.999961 0.006795 -0.005692 -0.007600 -0.006964 0.999518 -0.030260 14.527700 0.005484 0.030298 0.999526 -1.704900 0.000000 0.000000 0.000000 1.000000
0.999943 0.007007 -0.008038 -0.007600 -0.007229 0.999587 -0.027820 14.527700 0.007839 0.027877 0.999581 -1.704900 0.000000 0.000000 0.000000 1.000000
0.999936 0.008495 -0.007518 -0.007600 -0.008685 0.999634 -0.025631 14.527700 0.007298 0.025695 0.999643 -1.704900 0.000000 0.000000 0.000000 1.000000
0.999937 0.010323 -0.004376 -0.007600 -0.010425 0.999658 -0.023978 14.527700 0.004127 0.024022 0.999703 -1.704900 0.000000 0.000000 0.000000 1.000000
0.999925 0.012209 -0.000050 -0.007600 -0.012207 0.999664 -0.022874 14.527700 -0.000229 0.022873 0.999738 -1.704900 0.000000 0.000000 0.000000 1.000000
0.999891 0.014008 0.004595 -0.007600 -0.013907 0.999673 -0.021482 14.527700 -0.004895 0.021415 0.999759 -1.704900 0.000000 0.000000 0.000000 1.000000
0.999841 0.014997 0.009689 -0.007600 -0.014811 0.999711 -0.018956 14.527700 -0.009971 0.018810 0.999773 -1.704900 0.000000 0.000000 0.000000 1.000000
0.999789 0.014004 0.015043 -0.007600 -0.013758 0.999772 -0.016321 14.527700 -0.015268 0.016111 0.999754 -1.704900 0.000000 0.000000 0.000000 1.000000
0.999767 0.010287 0.018974 -0.007600 -0.009976 0.999815 -0.016433 14.527700 -0.019139 0.016240 0.999685 -1.704900 0.000000 0.000000 0.000000 1.000000
0.999807 0.004322 0.019172 -0.007600 -0.003917 0.999769 -0.021141 14.527700 -0.019259 0.021062 0.999593 -1.704900 0.000000 0.000000 0.000000 1.000000
0.999884 -0.002182 0.015049 -0.007600 0.002615 0.999581 -0.028837 14.527700 -0.014980 0.028873 0.999471 -1.704900 0.000000 0.000000 0.000000 1.000000
0.999934 -0.007143 0.009015 -0.007600 0.007460 0.999336 -0.035664 14.527700 -0.008754 0.035729 0.999323 -1.704900 0.000000 0.000000 0.000000 1.000000
0.999946 -0.009107 0.004937 -0.007600 0.009294 0.999187 -0.039220 14.527700 -0.004576 0.039264 0.999218 -1.704900 0.000000 0.000000 0.000000 1.000000
0.999958 -0.007710 0.005041 -0.007600 0.007906 0.999162 -0.040171 14.527700 -0.004727 0.040209 0.999180 -1.704900 0.000000 0.000000 0.000000 1.000000
0.999959 -0.003717 0.008299 -0.007600 0.004048 0.999183 -0.040223 14.527700 -0.008142 0.040255 0.999156 -1.704900 0.000000 0.000000 0.000000 1.000000
0.999928 0.001343 0.011933 -0.007600 -0.000866 0.999205 -0.039858 14.527700 -0.011977 0.039844 0.999134 -1.704900 0.000000 0.000000 0.000000 1.000000
0.999887 0.005983 0.013806 -0.007600 -0.005449 0.999247 -0.038404 14.527700 -0.014025 0.038325 0.999167 -1.704900 0.000000 0.000000 0.000000 1.000000</float_array><technique_common><accessor source="#Spine2-Matrix-animation-output-transform-array" count="30" stride="16"><param type="float4x4"/></accessor></technique_common></source><source id="Spine2-Interpolations"><Name_array id="Spine2-Interpolations-array" count="30">
 LINEAR LINEAR LINEAR LINEAR LINEAR LINEAR LINEAR LINEAR LINEAR LINEAR LINEAR
LINEAR LINEAR LINEAR LINEAR LINEAR LINEAR LINEAR LINEAR LINEAR LINEAR LINEAR LINEAR
LINEAR LINEAR LINEAR LINEAR LINEAR LINEAR LINEAR</Name_array><technique_common><accessor source="#Spine2-Interpolations-array" count="30"><param type="name"/></accessor></technique_common></source><sampler id="Spine2-Matrix-animation-transform"><input semantic="INPUT" source="#Spine2-Matrix-animation-input"/><input semantic="OUTPUT" source="#Spine2-Matrix-animation-output-transform"/><input semantic="INTERPOLATION" source="#Spine2-Interpolations"/></sampler><channel source="#Spine2-Matrix-animation-transform" target="Spine2/matrix"/></animation>
    <animation id="Neck-anim" name="Neck"><source id="Neck-Matrix-animation-input"><float_array id="Neck-Matrix-animation-input-array" count="30">

0.000000 0.033333 0.066667 0.100000 0.133333 0.166667 0.200000 0.233333 0.266667 0.300000 0.333333 0.366667 0.400000 0.433333 0.466667 0.500000
0.533333 0.566667 0.600000 0.633333 0.666667 0.700000 0.733333 0.766667 0.800000 0.833333 0.866667 0.900000 0.933333 0.966667</float_array><technique_common><accessor source="#Neck-Matrix-animation-input-array" count="30"><param name="TIME" type="float"/></accessor></technique_common></source><source id="Neck-Matrix-animation-output-transform"><float_array id="Neck-Matrix-animation-output-transform-array" count="480">

0.999983 -0.000607 -0.005738 -0.008500 0.000787 0.999510 0.031288 16.343599 0.005716 -0.031292 0.999494 -1.918000 0.000000 0.000000 0.000000 1.000000
0.999996 -0.000645 -0.002568 -0.008500 0.000725 0.999515 0.031124 16.343599 0.002546 -0.031125 0.999512 -1.918000 0.000000 0.000000 0.000000 1.000000
0.999999 0.000301 0.001169 -0.008500 -0.000335 0.999577 0.029067 16.343599 -0.001160 -0.029068 0.999577 -1.918000 0.000000 0.000000 0.000000 1.000000
0.999987 0.001745 0.004830 -0.008500 -0.001865 0.999685 0.025033 16.343599 -0.004785 -0.025042 0.999675 -1.918000 0.000000 0.000000 0.000000 1.000000
0.999966 0.002959 0.007748 -0.008500 -0.003115 0.999790 0.020246 16.343599 -0.007686 -0.020270 0.999765 -1.918000 0.000000 0.000000 0.000000 1.000000
0.999948 0.003299 0.009667 -0.008500 -0.003463 0.999850 0.016971 16.343599 -0.009609 -0.017003 0.999809 -1.918000 0.000000 0.000000 0.000000 1.000000
0.999940 0.002309 0.010739 -0.008500 -0.002491 0.999854 0.016934 16.343599 -0.010698 -0.016960 0.999799 -1.918000 0.000000 0.000000 0.000000 1.000000
0.999938 -0.000106 0.011116 -0.008500 -0.000116 0.999801 0.019946 16.343599 -0.011116 -0.019946 0.999739 -1.918000 0.000000 0.000000 0.000000 1.000000
0.999936 -0.003001 0.010864 -0.008500 0.002741 0.999712 0.023856 16.343599 -0.010933 -0.023824 0.999656 -1.918000 0.000000 0.000000 0.000000 1.000000
0.999937 -0.004363 0.010304 -0.008500 0.004095 0.999656 0.025922 16.343599 -0.010413 -0.025878 0.999611 -1.918000 0.000000 0.000000 0.000000 1.000000
0.999946 -0.002703 0.010056 -0.008500 0.002455 0.999694 0.024609 16.343599 -0.010119 -0.024583 0.999647 -1.918000 0.000000 0.000000 0.000000 1.000000
0.999945 0.001327 0.010404 -0.008500 -0.001540 0.999787 0.020564 16.343599 -0.010375 -0.020578 0.999734 -1.918000 0.000000 0.000000 0.000000 1.000000
0.999927 0.005386 0.010795 -0.008500 -0.005559 0.999855 0.016087 16.343599 -0.010706 -0.016146 0.999812 -1.918000 0.000000 0.000000 0.000000 1.000000
0.999919 0.007473 0.010301 -0.008500 -0.007612 0.999880 0.013473 16.343599 -0.010199 -0.013550 0.999856 -1.918000 0.000000 0.000000 0.000000 1.000000
0.999937 0.007291 0.008494 -0.008500 -0.007405 0.999881 0.013521 16.343599 -0.008395 -0.013583 0.999873 -1.918000 0.000000 0.000000 0.000000 1.000000
0.999967 0.005779 0.005720 -0.008500 -0.005866 0.999865 0.015345 16.343599 -0.005631 -0.015378 0.999866 -1.918000 0.000000 0.000000 0.000000 1.000000
0.999989 0.003915 0.002723 -0.008500 -0.003962 0.999841 0.017388 16.343599 -0.002654 -0.017399 0.999845 -1.918000 0.000000 0.000000 0.000000 1.000000
0.999997 0.002363 0.000159 -0.008500 -0.002365 0.999822 0.018721 16.343599 -0.000115 -0.018721 0.999825 -1.918000 0.000000 0.000000 0.000000 1.000000
0.999997 0.001783 -0.001723 -0.008500 -0.001749 0.999804 0.019712 16.343599 0.001758 -0.019709 0.999804 -1.918000 0.000000 0.000000 0.000000 1.000000
0.999992 0.002683 -0.003069 -0.008500 -0.002616 0.999762 0.021640 16.343599 0.003126 -0.021631 0.999761 -1.918000 0.000000 0.000000 0.000000 1.000000
0.999980 0.004904 -0.003995 -0.008500 -0.004801 0.999665 0.025444 16.343599 0.004118 -0.025425 0.999668 -1.918000 0.000000 0.000000 0.000000 1.000000
0.999961 0.007789 -0.004232 -0.008500 -0.007656 0.999503 0.030566 16.343599 0.004468 -0.030533 0.999524 -1.918000 0.000000 0.000000 0.000000 1.000000
0.999936 0.010748 -0.003455 -0.008500 -0.010620 0.999325 0.035171 16.343599 0.003831 -0.035132 0.999375 -1.918000 0.000000 0.000000 0.000000 1.000000
0.999910 0.013282 -0.002028 -0.008500 -0.013196 0.999201 0.037735 16.343599 0.002528 -0.037705 0.999286 -1.918000 0.000000 0.000000 0.000000 1.000000
0.999892 0.014681 -0.001117 -0.008500 -0.014627 0.999161 0.038257 16.343599 0.001678 -0.038236 0.999267 -1.918000 0.000000 0.000000 0.000000 1.000000
0.999898 0.014193 -0.001730 -0.008500 -0.014118 0.999187 0.037775 16.343599 0.002265 -0.037746 0.999285 -1.918000 0.000000 0.000000 0.000000 1.000000
0.999926 0.011587 -0.003680 -0.008500 -0.011443 0.999251 0.036970 16.343599 0.004105 -0.036925 0.999310 -1.918000 0.000000 0.000000 0.000000 1.000000
0.999956 0.007503 -0.005684 -0.008500 -0.007296 0.999336 0.035704 16.343599 0.005948 -0.035661 0.999346 -1.918000 0.000000 0.000000 0.000000 1.000000
0.999974 0.003108 -0.006521 -0.008500 -0.002886 0.999426 0.033756 16.343599 0.006622 -0.033737 0.999409 -1.918000 0.000000 0.000000 0.000000 1.000000
0.999983 -0.000607 -0.005738 -0.008500 0.000787 0.999510 0.031288 16.343599 0.005716 -0.031292 0.999494 -1.918000 0.000000 0.000000 0.000000 1.000000</float_array><technique_common><accessor source="#Neck-Matrix-animation-output-transform-array" count="30" stride="16"><param type="float4x4"/></accessor></technique_common></source><source id="Neck-Interpolations"><Name_array id="Neck-Interpolations-array" count="30">
 LINEAR LINEAR LINEAR LINEAR LINEAR LINEAR LINEAR LINEAR LINEAR LINEAR LINEAR
LINEAR LINEAR LINEAR LINEAR LINEAR LINEAR LINEAR LINEAR LINEAR LINEAR LINEAR LINEAR
LINEAR LINEAR LINEAR LINEAR LINEAR LINEAR LINEAR</Name_array><technique_common><accessor source="#Neck-Interpolations-array" count="30"><param type="name"/></accessor></technique_common></source><sampler id="Neck-Matrix-animation-transform"><input semantic="INPUT" source="#Neck-Matrix-animation-input"/><input semantic="OUTPUT" source="#Neck-Matrix-animation-output-transform"/><input semantic="INTERPOLATION" source="#Neck-Interpolations"/></sampler><channel source="#Neck-Matrix-animation-transform" target="Neck/matrix"/></animation>
    <animation id="Head-anim" name="Head"><source id="Head-Matrix-animation-input"><float_array id="Head-Matrix-animation-input-array" count="30">

0.000000 0.033333 0.066667 0.100000 0.133333 0.166667 0.200000 0.233333 0.266667 0.300000 0.333333 0.366667 0.400000 0.433333 0.466667 0.500000
0.533333 0.566667 0.600000 0.633333 0.666667 0.700000 0.733333 0.766667 0.800000 0.833333 0.866667 0.900000 0.933333 0.966667</float_array><technique_common><accessor source="#Head-Matrix-animation-input-array" count="30"><param name="TIME" type="float"/></accessor></technique_common></source><source id="Head-Matrix-animation-output-transform"><float_array id="Head-Matrix-animation-output-transform-array" count="480">

0.995265 -0.054148 -0.080722 -0.000000 0.064237 0.989672 0.128148 7.472600 0.072949 -0.132727 0.988464 1.897700 0.000000 0.000000 0.000000 1.000000
0.997265 -0.052832 -0.051694 0.000000 0.059312 0.989321 0.133137 7.472600 0.044108 -0.135839 0.989749 1.897700 0.000000 0.000000 0.000000 1.000000
0.998612 -0.049253 -0.018675 -0.000000 0.051364 0.989107 0.137943 7.472600 0.011677 -0.138711 0.990264 1.897700 0.000000 0.000000 0.000000 1.000000
0.998955 -0.043455 0.014146 0.000000 0.041053 0.989308 0.139942 7.472600 -0.020076 -0.139215 0.990059 1.897700 0.000000 0.000000 0.000000 1.000000
0.998454 -0.036934 0.041547 0.000000 0.030920 0.990076 0.137089 7.472600 -0.046198 -0.135592 0.989687 1.897700 0.000000 0.000000 0.000000 1.000000
0.997632 -0.033172 0.060244 -0.000000 0.024947 0.990872 0.132476 7.472600 -0.064088 -0.130660 0.989354 1.897700 0.000000 0.000000 0.000000 1.000000
0.996853 -0.036439 0.070404 0.000000 0.026640 0.990431 0.135412 7.472600 -0.074665 -0.133111 0.988285 1.897700 0.000000 0.000000 0.000000 1.000000
0.996085 -0.048158 0.074132 0.000000 0.036342 0.987526 0.153207 7.472600 -0.080585 -0.149913 0.985410 1.897700 0.000000 0.000000 0.000000 1.000000
0.995257 -0.063070 0.074070 0.000000 0.048875 0.982479 0.179849 7.472600 -0.084115 -0.175376 0.980902 1.897700 0.000000 0.000000 0.000000 1.000000
0.994724 -0.071521 0.073539 0.000000 0.055887 0.978977 0.196166 7.472600 -0.086023 -0.191021 0.977809 1.897700 0.000000 0.000000 0.000000 1.000000
0.994843 -0.068403 0.074892 -0.000000 0.053513 0.981213 0.185356 7.472600 -0.086164 -0.180392 0.979813 1.897700 0.000000 0.000000 0.000000 1.000000
0.995414 -0.058269 0.075862 -0.000000 0.046475 0.987763 0.148876 7.472600 -0.083609 -0.144668 0.985942 1.897700 0.000000 0.000000 0.000000 1.000000
0.996261 -0.050112 0.070375 -0.000000 0.042504 0.993486 0.105728 7.472600 -0.075215 -0.102342 0.991902 1.897700 0.000000 0.000000 0.000000 1.000000
0.997323 -0.048697 0.054555 -0.000000 0.044515 0.996157 0.075427 7.472600 -0.058018 -0.072796 0.995658 1.897700 0.000000 0.000000 0.000000 1.000000
0.998181 -0.052097 0.030349 0.000000 0.050080 0.996704 0.063827 7.472600 -0.033574 -0.062191 0.997499 1.897700 0.000000 0.000000 0.000000 1.000000
0.998401 -0.056413 0.003500 -0.000000 0.056063 0.996268 0.065630 7.472600 -0.007189 -0.065329 0.997838 1.897700 0.000000 0.000000 0.000000 1.000000
0.997962 -0.060431 -0.020478 0.000000 0.061797 0.995312 0.074394 7.472600 0.015886 -0.075508 0.997019 1.897700 0.000000 0.000000 0.000000 1.000000
0.997118 -0.065131 -0.038917 -0.000000 0.068300 0.993903 0.086559 7.472600 0.033042 -0.088968 0.995486 1.897700 0.000000 0.000000 0.000000 1.000000
0.996140 -0.070409 -0.052423 0.000000 0.075396 0.992108 0.100190 7.472600 0.044955 -0.103756 0.993586 1.897700 0.000000 0.000000 0.000000 1.000000
0.995285 -0.073847 -0.062888 0.000000 0.080766 0.989993 0.115720 7.472600 0.053713 -0.120253 0.991289 1.897700 0.000000 0.000000 0.000000 1.000000
0.994876 -0.072662 -0.070296 -0.000000 0.081808 0.987124 0.137453 7.472600 0.059403 -0.142500 0.988011 1.897700 0.000000 0.000000 0.000000 1.000000
0.995216 -0.066110 -0.071938 0.000000 0.077492 0.982546 0.169111 7.472600 0.059503 -0.173877 0.982968 1.897700 0.000000 0.000000 0.000000 1.000000
0.996233 -0.055967 -0.066238 -0.000000 0.068555 0.976070 0.206369 7.472600 0.053103 -0.210132 0.976230 1.897700 0.000000 0.000000 0.000000 1.000000
0.997327 -0.045082 -0.057497 0.000000 0.057507 0.969777 0.237121 7.472600 0.045070 -0.239793 0.969777 1.897700 0.000000 0.000000 0.000000 1.000000
0.997858 -0.035729 -0.054801 -0.000000 0.048376 0.966917 0.250461 7.472600 0.044040 -0.252575 0.966574 1.897700 0.000000 0.000000 0.000000 1.000000
0.997509 -0.029670 -0.063996 -0.000000 0.044450 0.968839 0.243672 7.472600 0.054772 -0.245909 0.967744 1.897700 0.000000 0.000000 0.000000 1.000000
0.996300 -0.028887 -0.080938 0.000000 0.046210 0.974145 0.221145 7.472600 0.072457 -0.224067 0.971876 1.897700 0.000000 0.000000 0.000000 1.000000
0.994963 -0.034289 -0.094197 0.000000 0.051783 0.980402 0.190082 7.472600 0.085833 -0.194002 0.977239 1.897700 0.000000 0.000000 0.000000 1.000000
0.994527 -0.043918 -0.094805 0.000000 0.058541 0.985792 0.157441 7.472600 0.086543 -0.162129 0.982967 1.897700 0.000000 0.000000 0.000000 1.000000
0.995265 -0.054148 -0.080722 -0.000000 0.064237 0.989672 0.128148 7.472600 0.072949 -0.132727 0.988464 1.897700 0.000000 0.000000 0.000000 1.000000</float_array><technique_common><accessor source="#Head-Matrix-animation-output-transform-array" count="30" stride="16"><param type="float4x4"/></accessor></technique_common></source><source id="Head-Interpolations"><Name_array id="Head-Interpolations-array" count="30">
 LINEAR LINEAR LINEAR LINEAR LINEAR LINEAR LINEAR LINEAR LINEAR LINEAR LINEAR
LINEAR LINEAR LINEAR LINEAR LINEAR LINEAR LINEAR LINEAR LINEAR LINEAR LINEAR LINEAR
LINEAR LINEAR LINEAR LINEAR LINEAR LINEAR LINEAR</Name_array><technique_common><accessor source="#Head-Interpolations-array" count="30"><param type="name"/></accessor></technique_common></source><sampler id="Head-Matrix-animation-transform"><input semantic="INPUT" source="#Head-Matrix-animation-input"/><input semantic="OUTPUT" source="#Head-Matrix-animation-output-transform"/><input semantic="INTERPOLATION" source="#Head-Interpolations"/></sampler><channel source="#Head-Matrix-animation-transform" target="Head/matrix"/></animation>
    <animation id="LeftShoulder-anim" name="LeftShoulder"><source id="LeftShoulder-Matrix-animation-input"><float_array id="LeftShoulder-Matrix-animation-input-array" count="30">

0.000000 0.033333 0.066667 0.100000 0.133333 0.166667 0.200000 0.233333 0.266667 0.300000 0.333333 0.366667 0.400000 0.433333 0.466667 0.500000
0.533333 0.566667 0.600000 0.633333 0.666667 0.700000 0.733333 0.766667 0.800000 0.833333 0.866667 0.900000 0.933333 0.966667</float_array><technique_common><accessor source="#LeftShoulder-Matrix-animation-input-array" count="30"><param name="TIME" type="float"/></accessor></technique_common></source><source id="LeftShoulder-Matrix-animation-output-transform"><float_array id="LeftShoulder-Matrix-animation-output-transform-array" count="480">

0.983356 0.179432 -0.028540 5.550700 -0.179788 0.983650 -0.010419 13.775400 0.026204 0.015377 0.999538 -1.926500 0.000000 0.000000 0.000000 1.000000
0.984201 0.174700 -0.028795 5.550700 -0.175057 0.984504 -0.010343 13.775400 0.026542 0.015220 0.999532 -1.926500 0.000000 0.000000 0.000000 1.000000
0.984683 0.171718 -0.030192 5.550700 -0.172093 0.985027 -0.010294 13.775400 0.027972 0.015332 0.999491 -1.926500 0.000000 0.000000 0.000000 1.000000
0.984769 0.170779 -0.032632 5.550700 -0.171192 0.985184 -0.010281 13.775400 0.030392 0.015711 0.999415 -1.926500 0.000000 0.000000 0.000000 1.000000
0.984517 0.171790 -0.034851 5.550700 -0.172239 0.985001 -0.010294 13.775400 0.032560 0.016138 0.999339 -1.926500 0.000000 0.000000 0.000000 1.000000
0.984069 0.174224 -0.035419 5.550700 -0.174684 0.984570 -0.010322 13.775400 0.033074 0.016345 0.999319 -1.926500 0.000000 0.000000 0.000000 1.000000
0.983632 0.176827 -0.034642 5.550700 -0.177277 0.984106 -0.010357 13.775400 0.032260 0.016328 0.999346 -1.926500 0.000000 0.000000 0.000000 1.000000
0.983421 0.177991 -0.034665 5.550700 -0.178442 0.983896 -0.010372 13.775400 0.032261 0.016386 0.999345 -1.926500 0.000000 0.000000 0.000000 1.000000
0.983448 0.177379 -0.036961 5.550700 -0.177867 0.984000 -0.010356 13.775400 0.034533 0.016759 0.999263 -1.926500 0.000000 0.000000 0.000000 1.000000
0.983461 0.176687 -0.039833 5.550700 -0.177223 0.984116 -0.010342 13.775400 0.037373 0.017230 0.999153 -1.926500 0.000000 0.000000 0.000000 1.000000
0.983251 0.177893 -0.039642 5.550700 -0.178428 0.983899 -0.010351 13.775400 0.037162 0.017251 0.999160 -1.926500 0.000000 0.000000 0.000000 1.000000
