<?xml version="1.0" encoding="utf-8"?>
<COLLADA xmlns="http://www.collada.org/2005/11/COLLADASchema" version="1.4.1">
  <asset><contributor><author>Mixamo</author><authoring_tool>COLLADA Mixamo exporter</authoring_tool><comments></comments></contributor><created>2019-05-10T15:07:19Z</created><modified>2019-05-10T15:07:19Z</modified><revision></revision><title></title><unit meter="0.010000"/><up_axis>Y_UP</up_axis></asset>
  <library_animations>
    <animation id="Hips-anim" name="Hips"><source id="Hips-Matrix-animation-input"><float_array id="Hips-Matrix-animation-input-array" count="21">

0.000000 0.033333 0.066667 0.100000 0.133333 0.166667 0.200000 0.233333 0.266667 0.300000 0.333333 0.366667 0.400000 0.433333 0.466667 0.500000
0.533333 0.566667 0.600000 0.633333 0.666667</float_array><technique_common><accessor source="#Hips-Matrix-animation-input-array" count="21"><param name="TIME" type="float"/></accessor></technique_common></source><source id="Hips-Matrix-animation-output-transform"><float_array id="Hips-Matrix-animation-output-transform-array" count="336">

0.132865 -0.114300 -0.984521 -0.082713 0.000001 0.993328 -0.115322 105.008835 0.991134 0.015321 0.131978 0.605968 0.000000 0.000000 0.000000 1.000000
0.149287 -0.124707 -0.980898 0.982114 -0.006521 0.991869 -0.127094 105.507652 0.988772 0.025370 0.147260 0.588438 0.000000 0.000000 0.000000 1.000000
0.195571 -0.131725 -0.971803 0.861146 0.006284 0.991086 -0.133074 107.105194 0.980669 0.019919 0.194656 1.191481 0.000000 0.000000 0.000000 1.000000
0.247725 -0.148446 -0.957390 0.020170 0.044785 0.988890 -0.141742 108.542870 0.967795 -0.007763 0.251621 1.989927 0.000000 0.000000 0.000000 1.000000
0.282702 -0.174294 -0.943240 -1.133617 0.074044 0.984384 -0.159705 109.590294 0.956346 -0.024692 0.291193 2.631683 0.000000 0.000000 0.000000 1.000000
0.289382 -0.188983 -0.938373 -2.397180 0.071726 0.981842 -0.175618 109.928177 0.954522 -0.016485 0.297683 3.026601 0.000000 0.000000 0.000000 1.000000
0.275440 -0.177926 -0.944709 -3.359602 0.047365 0.984041 -0.171524 109.251877 0.960151 0.002498 0.279471 3.378579 0.000000 0.000000 0.000000 1.000000
0.261284 -0.149392 -0.953631 -3.899611 0.029227 0.988722 -0.146881 108.007103 0.964819 0.010506 0.262704 3.981893 0.000000 0.000000 0.000000 1.000000
0.268120 -0.128729 -0.954746 -3.677946 0.038993 0.991670 -0.122757 106.651558 0.962596 -0.004315 0.270906 4.956334 0.000000 0.000000 0.000000 1.000000
0.297019 -0.136091 -0.945124 -2.507082 0.073038 0.990130 -0.119618 105.483696 0.952074 -0.033501 0.304027 6.226923 0.000000 0.000000 0.000000 1.000000
0.330687 -0.170968 -0.928125 -0.711555 0.112085 0.983608 -0.141253 104.649643 0.937061 -0.057318 0.344429 7.283749 0.000000 0.000000 0.000000 1.000000
0.314656 -0.187673 -0.930468 0.362103 0.122451 0.980094 -0.156274 105.889931 0.941274 -0.064764 0.331373 7.265948 0.000000 0.000000 0.000000 1.000000
0.284784 -0.189107 -0.939754 0.575233 0.110124 0.980312 -0.163896 107.370872 0.952245 -0.056815 0.300002 6.819640 0.000000 0.000000 0.000000 1.000000
0.238357 -0.184754 -0.953442 0.023613 0.080650 0.982113 -0.170148 108.918808 0.967823 -0.036340 0.248993 6.013935 0.000000 0.000000 0.000000 1.000000
0.185779 -0.185320 -0.964957 -1.120409 0.048436 0.982587 -0.179381 109.923248 0.981397 -0.013414 0.191520 5.125513 0.000000 0.000000 0.000000 1.000000
0.148132 -0.187744 -0.970984 -2.404821 0.033047 0.982207 -0.184872 109.989746 0.988415 -0.004702 0.151700 4.335480 0.000000 0.000000 0.000000 1.000000
0.138370 -0.177072 -0.974423 -3.387057 0.039027 0.984098 -0.173288 109.284874 0.989611 -0.014051 0.143080 3.635440 0.000000 0.000000 0.000000 1.000000
0.147903 -0.149358 -0.977659 -3.701064 0.048386 0.988440 -0.143685 108.193336 0.987818 -0.026053 0.153420 2.948555 0.000000 0.000000 0.000000 1.000000
0.152570 -0.119884 -0.980995 -3.157368 0.042585 0.992491 -0.114666 106.951614 0.987375 -0.024281 0.156530 2.160793 0.000000 0.000000 0.000000 1.000000
0.141582 -0.107747 -0.984045 -1.764423 0.022188 0.994155 -0.105662 105.677094 0.989678 -0.006874 0.143145 1.246493 0.000000 0.000000 0.000000 1.000000
0.132865 -0.114300 -0.984521 -0.082716 0.000001 0.993328 -0.115322 105.008842 0.991134 0.015321 0.131979 0.605968 0.000000 0.000000 0.000000 1.000000</float_array><technique_common><accessor source="#Hips-Matrix-animation-output-transform-array" count="21" stride="16"><param type="float4x4"/></accessor></technique_common></source><source id="Hips-Interpolations"><Name_array id="Hips-Interpolations-array" count="21">
 LINEAR LINEAR LINEAR LINEAR LINEAR LINEAR LINEAR LINEAR LINEAR LINEAR LINEAR
LINEAR LINEAR LINEAR LINEAR LINEAR LINEAR LINEAR LINEAR LINEAR LINEAR</Name_array><technique_common><accessor source="#Hips-Interpolations-array" count="21"><param type="name"/></accessor></technique_common></source><sampler id="Hips-Matrix-animation-transform"><input semantic="INPUT" source="#Hips-Matrix-animation-input"/><input semantic="OUTPUT" source="#Hips-Matrix-animation-output-transform"/><input semantic="INTERPOLATION" source="#Hips-Interpolations"/></sampler><channel source="#Hips-Matrix-animation-transform" target="Hips/matrix"/></animation>
    <animation id="Spine-anim" name="Spine"><source id="Spine-Matrix-animation-input"><float_array id="Spine-Matrix-animation-input-array" count="21">

0.000000 0.033333 0.066667 0.100000 0.133333 0.166667 0.200000 0.233333 0.266667 0.300000 0.333333 0.366667 0.400000 0.433333 0.466667 0.500000
0.533333 0.566667 0.600000 0.633333 0.666667</float_array><technique_common><accessor source="#Spine-Matrix-animation-input-array" count="21"><param name="TIME" type="float"/></accessor></technique_common></source><source id="Spine-Matrix-animation-output-transform"><float_array id="Spine-Matrix-animation-output-transform-array" count="336">

0.995849 0.039900 0.081805 -0.005700 -0.027899 0.989340 -0.142929 10.895800 -0.086636 0.140053 0.986346 -1.278700 0.000000 0.000000 0.000000 1.000000
0.993976 0.035800 0.103591 -0.005700 -0.020136 0.988710 -0.148485 10.895800 -0.107737 0.145504 0.983474 -1.278700 0.000000 0.000000 0.000000 1.000000
0.990219 0.047100 0.131331 -0.005700 -0.028286 0.989519 -0.141604 10.895800 -0.136624 0.136504 0.981173 -1.278700 0.000000 0.000000 0.000000 1.000000
0.981868 0.078680 0.172467 -0.005700 -0.056473 0.989893 -0.130088 10.895800 -0.180959 0.117989 0.976387 -1.278700 0.000000 0.000000 0.000000 1.000000
0.969544 0.104999 0.221267 -0.005700 -0.080483 0.989858 -0.117062 10.895800 -0.231314 0.095689 0.968162 -1.278700 0.000000 0.000000 0.000000 1.000000
0.959736 0.107959 0.259331 -0.005700 -0.082391 0.990780 -0.107547 10.895800 -0.268550 0.081850 0.959782 -1.278700 0.000000 0.000000 0.000000 1.000000
0.959242 0.089726 0.267962 -0.005700 -0.063431 0.992422 -0.105241 10.895800 -0.275375 0.083955 0.957664 -1.278700 0.000000 0.000000 0.000000 1.000000
0.967942 0.064707 0.242695 -0.005700 -0.038884 0.993201 -0.109724 10.895800 -0.248145 0.096770 0.963877 -1.278700 0.000000 0.000000 0.000000 1.000000
0.979582 0.051436 0.194352 -0.005700 -0.028587 0.992531 -0.118596 10.895800 -0.199000 0.110618 0.973736 -1.278700 0.000000 0.000000 0.000000 1.000000
0.987981 0.057823 0.143355 -0.005700 -0.039510 0.991058 -0.127449 10.895800 -0.149443 0.120254 0.981431 -1.278700 0.000000 0.000000 0.000000 1.000000
0.991814 0.072124 0.105372 -0.005700 -0.058183 0.989823 -0.129863 10.895800 -0.113666 0.122670 0.985917 -1.278700 0.000000 0.000000 0.000000 1.000000
0.993646 0.079768 0.079407 -0.005700 -0.069683 0.990013 -0.122554 10.895800 -0.088389 0.116242 0.989280 -1.278700 0.000000 0.000000 0.000000 1.000000
0.996217 0.069230 0.052521 -0.005700 -0.063291 0.992204 -0.107356 10.895800 -0.059544 0.103626 0.992832 -1.278700 0.000000 0.000000 0.000000 1.000000
0.998474 0.053002 0.015509 -0.005700 -0.051411 0.994668 -0.089399 10.895800 -0.020165 0.088466 0.995875 -1.278700 0.000000 0.000000 0.000000 1.000000
0.998682 0.042911 -0.028149 -0.005700 -0.044867 0.996323 -0.072993 10.895800 0.024913 0.074160 0.996935 -1.278700 0.000000 0.000000 0.000000 1.000000
0.996981 0.044815 -0.063407 -0.005700 -0.048824 0.996809 -0.063153 10.895800 0.060375 0.066058 0.995988 -1.278700 0.000000 0.000000 0.000000 1.000000
0.995697 0.056132 -0.073737 -0.005700 -0.060930 0.996054 -0.064527 10.895800 0.069824 0.068742 0.995188 -1.278700 0.000000 0.000000 0.000000 1.000000
0.996442 0.065761 -0.052709 -0.005700 -0.069765 0.994499 -0.078126 10.895800 0.047282 0.081525 0.995549 -1.278700 0.000000 0.000000 0.000000 1.000000
0.997830 0.065350 -0.008035 -0.005700 -0.065826 0.992804 -0.100032 10.895800 0.001441 0.100344 0.994952 -1.278700 0.000000 0.000000 0.000000 1.000000
0.997502 0.055567 0.043606 -0.005700 -0.049770 0.990995 -0.124302 10.895800 -0.050121 0.121821 0.991286 -1.278700 0.000000 0.000000 0.000000 1.000000
0.995849 0.039900 0.081805 -0.005700 -0.027899 0.989340 -0.142929 10.895800 -0.086636 0.140053 0.986346 -1.278700 0.000000 0.000000 0.000000 1.000000</float_array><technique_common><accessor source="#Spine-Matrix-animation-output-transform-array" count="21" stride="16"><param type="float4x4"/></accessor></technique_common></source><source id="Spine-Interpolations"><Name_array id="Spine-Interpolations-array" count="21">
 LINEAR LINEAR LINEAR LINEAR LINEAR LINEAR LINEAR LINEAR LINEAR LINEAR LINEAR
LINEAR LINEAR LINEAR LINEAR LINEAR LINEAR LINEAR LINEAR LINEAR LINEAR</Name_array><technique_common><accessor source="#Spine-Interpolations-array" count="21"><param type="name"/></accessor></technique_common></source><sampler id="Spine-Matrix-animation-transform"><input semantic="INPUT" source="#Spine-Matrix-animation-input"/><input semantic="OUTPUT" source="#Spine-Matrix-animation-output-transform"/><input semantic="INTERPOLATION" source="#Spine-Interpolations"/></sampler><channel source="#Spine-Matrix-animation-transform" target="Spine/matrix"/></animation>
    <animation id="Spine1-anim" name="Spine1"><source id="Spine1-Matrix-animation-input"><float_array id="Spine1-Matrix-animation-input-array" count="21">

0.000000 0.033333 0.066667 0.100000 0.133333 0.166667 0.200000 0.233333 0.266667 0.300000 0.333333 0.366667 0.400000 0.433333 0.466667 0.500000
0.533333 0.566667 0.600000 0.633333 0.666667</float_array><technique_common><accessor source="#Spine1-Matrix-animation-input-array" count="21"><param name="TIME" type="float"/></accessor></technique_common></source><source id="Spine1-Matrix-animation-output-transform"><float_array id="Spine1-Matrix-animation-output-transform-array" count="336">

0.999557 0.005552 0.029251 -0.006600 -0.004081 0.998735 -0.050108 12.711700 -0.029492 0.049967 0.998315 -1.491800 0.000000 0.000000 0.000000 1.000000
0.999165 0.006636 0.040302 -0.006600 -0.004482 0.998567 -0.053325 12.711700 -0.040598 0.053100 0.997764 -1.491800 0.000000 0.000000 0.000000 1.000000
0.998476 0.013408 0.053528 -0.006600 -0.010644 0.998612 -0.051592 12.711700 -0.054145 0.050943 0.997233 -1.491800 0.000000 0.000000 0.000000 1.000000
0.997265 0.022603 0.070370 -0.006600 -0.019325 0.998712 -0.046919 12.711700 -0.071340 0.045431 0.996417 -1.491800 0.000000 0.000000 0.000000 1.000000
0.995614 0.030330 0.088506 -0.006600 -0.026779 0.998799 -0.041033 12.711700 -0.089644 0.038483 0.995230 -1.491800 0.000000 0.000000 0.000000 1.000000
0.994283 0.032360 0.101753 -0.006600 -0.028759 0.998914 -0.036665 12.711700 -0.102829 0.033529 0.994134 -1.491800 0.000000 0.000000 0.000000 1.000000
0.994161 0.028328 0.104126 -0.006600 -0.024742 0.999061 -0.035569 12.711700 -0.105036 0.032785 0.993928 -1.491800 0.000000 0.000000 0.000000 1.000000
0.995285 0.022428 0.094366 -0.006600 -0.018946 0.999112 -0.037638 12.711700 -0.095126 0.035673 0.994826 -1.491800 0.000000 0.000000 0.000000 1.000000
0.996837 0.019819 0.076966 -0.006600 -0.016677 0.999009 -0.041256 12.711700 -0.077708 0.039842 0.996180 -1.491800 0.000000 0.000000 0.000000 1.000000
0.998018 0.022007 0.058959 -0.006600 -0.019413 0.998833 -0.044220 12.711700 -0.059863 0.042988 0.997281 -1.491800 0.000000 0.000000 0.000000 1.000000
0.998666 0.025609 0.044846 -0.006600 -0.023597 0.998716 -0.044835 12.711700 -0.045936 0.043717 0.997987 -1.491800 0.000000 0.000000 0.000000 1.000000
0.999090 0.026038 0.033776 -0.006600 -0.024582 0.998779 -0.042849 12.711700 -0.034851 0.041980 0.998510 -1.491800 0.000000 0.000000 0.000000 1.000000
0.999518 0.022003 0.021913 -0.006600 -0.021134 0.999011 -0.039123 12.711700 -0.022752 0.038641 0.998994 -1.491800 0.000000 0.000000 0.000000 1.000000
0.999849 0.015766 0.007260 -0.006600 -0.015508 0.999294 -0.034233 12.711700 -0.007794 0.034116 0.999387 -1.491800 0.000000 0.000000 0.000000 1.000000
0.999909 0.010643 -0.008318 -0.006600 -0.010876 0.999535 -0.028502 12.711700 0.008010 0.028590 0.999559 -1.491800 0.000000 0.000000 0.000000 1.000000
0.999755 0.008793 -0.020294 -0.006600 -0.009267 0.999684 -0.023383 12.711700 0.020082 0.023566 0.999521 -1.491800 0.000000 0.000000 0.000000 1.000000
0.999662 0.009925 -0.024010 -0.006600 -0.010442 0.999714 -0.021530 12.711700 0.023790 0.021773 0.999480 -1.491800 0.000000 0.000000 0.000000 1.000000
0.999779 0.011599 -0.017532 -0.006600 -0.012032 0.999620 -0.024798 12.711700 0.017238 0.025004 0.999539 -1.491800 0.000000 0.000000 0.000000 1.000000
0.999930 0.011357 -0.003194 -0.006600 -0.011455 0.999406 -0.032495 12.711700 0.002823 0.032529 0.999467 -1.491800 0.000000 0.000000 0.000000 1.000000
0.999861 0.008737 0.014213 -0.006600 -0.008132 0.999080 -0.042096 12.711700 -0.014568 0.041974 0.999012 -1.491800 0.000000 0.000000 0.000000 1.000000
0.999557 0.005552 0.029251 -0.006600 -0.004081 0.998735 -0.050108 12.711700 -0.029492 0.049967 0.998315 -1.491800 0.000000 0.000000 0.000000 1.000000</float_array><technique_common><accessor source="#Spine1-Matrix-animation-output-transform-array" count="21" stride="16"><param type="float4x4"/></accessor></technique_common></source><source id="Spine1-Interpolations"><Name_array id="Spine1-Interpolations-array" count="21">
 LINEAR LINEAR LINEAR LINEAR LINEAR LINEAR LINEAR LINEAR LINEAR LINEAR LINEAR
LINEAR LINEAR LINEAR LINEAR LINEAR LINEAR LINEAR LINEAR LINEAR LINEAR</Name_array><technique_common><accessor source="#Spine1-Interpolations-array" count="21"><param type="name"/></accessor></technique_common></source><sampler id="Spine1-Matrix-animation-transform"><input semantic="INPUT" source="#Spine1-Matrix-animation-input"/><input semantic="OUTPUT" source="#Spine1-Matrix-animation-output-transform"/><input semantic="INTERPOLATION" source="#Spine1-Interpolations"/></sampler><channel source="#Spine1-Matrix-animation-transform" target="Spine1/matrix"/></animation>
    <animation id="Spine2-anim" name="Spine2"><source id="Spine2-Matrix-animation-input"><float_array id="Spine2-Matrix-animation-input-array" count="21">

0.000000 0.033333 0.066667 0.100000 0.133333 0.166667 0.200000 0.233333 0.266667 0.300000 0.333333 0.366667 0.400000 0.433333 0.466667 0.500000
0.533333 0.566667 0.600000 0.633333 0.666667</float_array><technique_common><accessor source="#Spine2-Matrix-animation-input-array" count="21"><param name="TIME" type="float"/></accessor></technique_common></source><source id="Spine2-Matrix-animation-output-transform"><float_array id="Spine2-Matrix-animation-output-transform-array" count="336">

0.999570 0.005871 0.028736 -0.007600 -0.004418 0.998721 -0.050373 14.527700 -0.028995 0.050224 0.998317 -1.704900 0.000000 0.000000 0.000000 1.000000
0.999181 0.007023 0.039850 -0.007600 -0.004879 0.998547 -0.053657 14.527700 -0.040169 0.053419 0.997764 -1.704900 0.000000 0.000000 0.000000 1.000000
0.998487 0.013744 0.053234 -0.007600 -0.010983 0.998596 -0.051812 14.527700 -0.053872 0.051149 0.997237 -1.704900 0.000000 0.000000 0.000000 1.000000
0.997267 0.022877 0.070251 -0.007600 -0.019606 0.998707 -0.046910 14.527700 -0.071233 0.045404 0.996426 -1.704900 0.000000 0.000000 0.000000 1.000000
0.995605 0.030624 0.088499 -0.007600 -0.027096 0.998800 -0.040800 14.527700 -0.089643 0.038223 0.995240 -1.704900 0.000000 0.000000 0.000000 1.000000
0.994270 0.032793 0.101743 -0.007600 -0.029223 0.998911 -0.036382 14.527700 -0.102825 0.033200 0.994145 -1.704900 0.000000 0.000000 0.000000 1.000000
0.994154 0.028949 0.104023 -0.007600 -0.025382 0.999049 -0.035445 14.527700 -0.104950 0.032597 0.993943 -1.704900 0.000000 0.000000 0.000000 1.000000
0.995287 0.023172 0.094167 -0.007600 -0.019692 0.999094 -0.037718 14.527700 -0.094955 0.035686 0.994842 -1.704900 0.000000 0.000000 0.000000 1.000000
0.996838 0.020573 0.076747 -0.007600 -0.017432 0.998991 -0.041381 14.527700 -0.077521 0.039912 0.996192 -1.704900 0.000000 0.000000 0.000000 1.000000
0.998012 0.022685 0.058806 -0.007600 -0.020099 0.998821 -0.044194 14.527700 -0.059739 0.042924 0.997291 -1.704900 0.000000 0.000000 0.000000 1.000000
0.998653 0.026155 0.044801 -0.007600 -0.024154 0.998712 -0.044624 14.527700 -0.045910 0.043482 0.997999 -1.704900 0.000000 0.000000 0.000000 1.000000
0.999079 0.026419 0.033825 -0.007600 -0.024969 0.998781 -0.042591 14.527700 -0.034909 0.041708 0.998520 -1.704900 0.000000 0.000000 0.000000 1.000000
0.999511 0.022221 0.022017 -0.007600 -0.021352 0.999013 -0.038957 14.527700 -0.022861 0.038467 0.998998 -1.704900 0.000000 0.000000 0.000000 1.000000
0.999847 0.015852 0.007377 -0.007600 -0.015591 0.999294 -0.034183 14.527700 -0.007913 0.034063 0.999388 -1.704900 0.000000 0.000000 0.000000 1.000000
0.999910 0.010618 -0.008232 -0.007600 -0.010849 0.999535 -0.028507 14.527700 0.007926 0.028594 0.999560 -1.704900 0.000000 0.000000 0.000000 1.000000
0.999757 0.008659 -0.020286 -0.007600 -0.009132 0.999685 -0.023370 14.527700 0.020077 0.023549 0.999521 -1.704900 0.000000 0.000000 0.000000 1.000000
0.999662 0.009711 -0.024117 -0.007600 -0.010230 0.999717 -0.021470 14.527700 0.023902 0.021710 0.999479 -1.704900 0.000000 0.000000 0.000000 1.000000
0.999777 0.011396 -0.017772 -0.007600 -0.011834 0.999624 -0.024725 14.527700 0.017483 0.024929 0.999536 -1.704900 0.000000 0.000000 0.000000 1.000000
0.999930 0.011280 -0.003562 -0.007600 -0.011390 0.999407 -0.032481 14.527700 0.003193 0.032520 0.999466 -1.704900 0.000000 0.000000 0.000000 1.000000
0.999866 0.008863 0.013743 -0.007600 -0.008276 0.999075 -0.042209 14.527700 -0.014104 0.042090 0.999014 -1.704900 0.000000 0.000000 0.000000 1.000000
0.999570 0.005871 0.028736 -0.007600 -0.004418 0.998721 -0.050373 14.527700 -0.028995 0.050224 0.998317 -1.704900 0.000000 0.000000 0.000000 1.000000</float_array><technique_common><accessor source="#Spine2-Matrix-animation-output-transform-array" count="21" stride="16"><param type="float4x4"/></accessor></technique_common></source><source id="Spine2-Interpolations"><Name_array id="Spine2-Interpolations-array" count="21">
 LINEAR LINEAR LINEAR LINEAR LINEAR LINEAR LINEAR LINEAR LINEAR LINEAR LINEAR
LINEAR LINEAR LINEAR LINEAR LINEAR LINEAR LINEAR LINEAR LINEAR LINEAR</Name_array><technique_common><accessor source="#Spine2-Interpolations-array" count="21"><param type="name"/></accessor></technique_common></source><sampler id="Spine2-Matrix-animation-transform"><input semantic="INPUT" source="#Spine2-Matrix-animation-input"/><input semantic="OUTPUT" source="#Spine2-Matrix-animation-output-transform"/><input semantic="INTERPOLATION" source="#Spine2-Interpolations"/></sampler><channel source="#Spine2-Matrix-animation-transform" target="Spine2/matrix"/></animation>
    <animation id="Neck-anim" name="Neck"><source id="Neck-Matrix-animation-input"><float_array id="Neck-Matrix-animation-input-array" count="21">

0.000000 0.033333 0.066667 0.100000 0.133333 0.166667 0.200000 0.233333 0.266667 0.300000 0.333333 0.366667 0.400000 0.433333 0.466667 0.500000
0.533333 0.566667 0.600000 0.633333 0.666667</float_array><technique_common><accessor source="#Neck-Matrix-animation-input-array" count="21"><param name="TIME" type="float"/></accessor></technique_common></source><source id="Neck-Matrix-animation-output-transform"><float_array id="Neck-Matrix-animation-output-transform-array" count="336">

0.981176 0.008143 0.192946 -0.008500 -0.013486 0.999561 0.026397 16.343599 -0.192646 -0.028502 0.980854 -1.918000 0.000000 0.000000 0.000000 1.000000
0.983222 -0.001290 0.182407 -0.008500 -0.004794 0.999447 0.032910 16.343599 -0.182349 -0.033232 0.982672 -1.918000 0.000000 0.000000 0.000000 1.000000
0.986495 -0.006562 0.163661 -0.008500 0.002959 0.999748 0.022246 16.343599 -0.163766 -0.021461 0.986266 -1.918000 0.000000 0.000000 0.000000 1.000000
0.990250 -0.009704 0.138963 -0.008500 0.008458 0.999919 0.009557 16.343599 -0.139044 -0.008289 0.990251 -1.918000 0.000000 0.000000 0.000000 1.000000
0.993356 -0.010641 0.114592 -0.008500 0.010350 0.999942 0.003133 16.343599 -0.114619 -0.001926 0.993408 -1.918000 0.000000 0.000000 0.000000 1.000000
0.994902 -0.008795 0.100462 -0.008500 0.008402 0.999955 0.004340 16.343599 -0.100495 -0.003474 0.994931 -1.918000 0.000000 0.000000 0.000000 1.000000
0.994757 -0.003578 0.102205 -0.008500 0.002921 0.999974 0.006583 16.343599 -0.102226 -0.006250 0.994742 -1.918000 0.000000 0.000000 0.000000 1.000000
0.993156 0.004100 0.116723 -0.008500 -0.004818 0.999971 0.005870 16.343599 -0.116696 -0.006392 0.993147 -1.918000 0.000000 0.000000 0.000000 1.000000
0.990790 0.011828 0.134893 -0.008500 -0.012818 0.999897 0.006469 16.343599 -0.134803 -0.008138 0.990839 -1.918000 0.000000 0.000000 0.000000 1.000000
0.988729 0.018121 0.148613 -0.008500 -0.020210 0.999717 0.012556 16.343599 -0.148343 -0.015418 0.988816 -1.918000 0.000000 0.000000 0.000000 1.000000
0.987365 0.024418 0.156567 -0.008500 -0.027675 0.999443 0.018653 16.343599 -0.156025 -0.022751 0.987491 -1.918000 0.000000 0.000000 0.000000 1.000000
0.985869 0.033188 0.164197 -0.008500 -0.036205 0.999226 0.015413 16.343599 -0.163558 -0.021140 0.986307 -1.918000 0.000000 0.000000 0.000000 1.000000
0.983071 0.044080 0.177846 -0.008500 -0.045290 0.998970 0.002747 16.343599 -0.177542 -0.010755 0.984054 -1.918000 0.000000 0.000000 0.000000 1.000000
0.978539 0.053914 0.198881 -0.008500 -0.052722 0.998545 -0.011292 16.343599 -0.199201 0.000565 0.979959 -1.918000 0.000000 0.000000 0.000000 1.000000
0.973126 0.060032 0.222311 -0.008500 -0.056657 0.998161 -0.021533 16.343599 -0.223195 0.008359 0.974738 -1.918000 0.000000 0.000000 0.000000 1.000000
0.968902 0.061817 0.239599 -0.008500 -0.056498 0.997981 -0.029011 16.343599 -0.240908 0.014572 0.970438 -1.918000 0.000000 0.000000 0.000000 1.000000
0.967967 0.059231 0.243992 -0.008500 -0.052323 0.998027 -0.034703 16.343599 -0.245567 0.020825 0.969156 -1.918000 0.000000 0.000000 0.000000 1.000000
0.970566 0.051650 0.235230 -0.008500 -0.044770 0.998401 -0.034499 16.343599 -0.236636 0.022952 0.971327 -1.918000 0.000000 0.000000 0.000000 1.000000
0.974842 0.039048 0.219450 -0.008500 -0.034886 0.999131 -0.022809 16.343599 -0.220150 0.014579 0.975357 -1.918000 0.000000 0.000000 0.000000 1.000000
0.978760 0.023229 0.203689 -0.008500 -0.023791 0.999717 0.000308 16.343599 -0.203624 -0.005147 0.979036 -1.918000 0.000000 0.000000 0.000000 1.000000
0.981175 0.008143 0.192947 -0.008500 -0.013486 0.999561 0.026397 16.343599 -0.192647 -0.028502 0.980854 -1.918000 0.000000 0.000000 0.000000 1.000000</float_array><technique_common><accessor source="#Neck-Matrix-animation-output-transform-array" count="21" stride="16"><param type="float4x4"/></accessor></technique_common></source><source id="Neck-Interpolations"><Name_array id="Neck-Interpolations-array" count="21">
 LINEAR LINEAR LINEAR LINEAR LINEAR LINEAR LINEAR LINEAR LINEAR LINEAR LINEAR
LINEAR LINEAR LINEAR LINEAR LINEAR LINEAR LINEAR LINEAR LINEAR LINEAR</Name_array><technique_common><accessor source="#Neck-Interpolations-array" count="21"><param type="name"/></accessor></technique_common></source><sampler id="Neck-Matrix-animation-transform"><input semantic="INPUT" source="#Neck-Matrix-animation-input"/><input semantic="OUTPUT" source="#Neck-Matrix-animation-output-transform"/><input semantic="INTERPOLATION" source="#Neck-Interpolations"/></sampler><channel source="#Neck-Matrix-animation-transform" target="Neck/matrix"/></animation>
    <animation id="Head-anim" name="Head"><source id="Head-Matrix-animation-input"><float_array id="Head-Matrix-animation-input-array" count="21">

0.000000 0.033333 0.066667 0.100000 0.133333 0.166667 0.200000 0.233333 0.266667 0.300000 0.333333 0.366667 0.400000 0.433333 0.466667 0.500000
0.533333 0.566667 0.600000 0.633333 0.666667</float_array><technique_common><accessor source="#Head-Matrix-animation-input-array" count="21"><param name="TIME" type="float"/></accessor></technique_common></source><source id="Head-Matrix-animation-output-transform"><float_array id="Head-Matrix-animation-output-transform-array" count="336">

0.604115 0.111829 0.789012 -0.000000 -0.309055 0.945491 0.102624 7.472600 -0.734527 -0.305845 0.605746 1.897700 0.000000 0.000000 0.000000 1.000000
0.624704 0.112434 0.772725 0.000000 -0.310885 0.943581 0.114039 7.472600 -0.716306 -0.311469 0.624413 1.897700 0.000000 0.000000 0.000000 1.000000
0.678124 0.100603 0.728029 0.000000 -0.286438 0.948434 0.135744 7.472600 -0.676831 -0.300587 0.671972 1.897700 0.000000 0.000000 0.000000 1.000000
0.746287 0.088923 0.659657 0.000000 -0.254328 0.953936 0.159135 7.472600 -0.615120 -0.286530 0.734526 1.897700 0.000000 0.000000 0.000000 1.000000
0.805592 0.085968 0.586200 0.000000 -0.230348 0.957022 0.176208 7.472600 -0.545858 -0.276982 0.790772 1.897700 0.000000 0.000000 0.000000 1.000000
0.834317 0.094677 0.543095 0.000000 -0.226068 0.957259 0.180413 7.472600 -0.502801 -0.273298 0.820061 1.897700 0.000000 0.000000 0.000000 1.000000
0.828480 0.105777 0.549938 0.000000 -0.236469 0.956238 0.172313 7.472600 -0.507645 -0.272801 0.817237 1.897700 0.000000 0.000000 0.000000 1.000000
0.799201 0.107201 0.591427 0.000000 -0.246699 0.955772 0.160125 7.472600 -0.548103 -0.273877 0.790300 1.897700 0.000000 0.000000 0.000000 1.000000
0.766886 0.096951 0.634418 0.000000 -0.248797 0.956133 0.154631 7.472600 -0.591596 -0.276425 0.757366 1.897700 0.000000 0.000000 0.000000 1.000000
0.748545 0.084442 0.657685 0.000000 -0.247332 0.955833 0.158779 7.472600 -0.615229 -0.281520 0.736369 1.897700 0.000000 0.000000 0.000000 1.000000
0.742049 0.082602 0.665237 0.000000 -0.251130 0.954364 0.161624 7.472600 -0.621529 -0.286994 0.728929 1.897700 0.000000 0.000000 0.000000 1.000000
0.728317 0.096797 0.678369 0.000000 -0.264647 0.952895 0.148163 7.472600 -0.632073 -0.287438 0.719627 1.897700 0.000000 0.000000 0.000000 1.000000
0.689863 0.116703 0.714471 0.000000 -0.283026 0.951850 0.117801 7.472600 -0.666322 -0.283481 0.689677 1.897700 0.000000 0.000000 0.000000 1.000000
0.624824 0.124117 0.770837 -0.000000 -0.295214 0.951546 0.086080 7.472600 -0.722802 -0.281347 0.631190 1.897700 0.000000 0.000000 0.000000 1.000000
0.550504 0.110511 0.827486 -0.000000 -0.294600 0.953148 0.068696 7.472600 -0.781125 -0.281595 0.557268 1.897700 0.000000 0.000000 0.000000 1.000000
0.496887 0.083710 0.863768 0.000000 -0.282874 0.956598 0.070019 7.472600 -0.820418 -0.279129 0.499001 1.897700 0.000000 0.000000 0.000000 1.000000
0.487015 0.059082 0.871393 0.000000 -0.266857 0.960064 0.084050 7.472600 -0.831627 -0.273471 0.483332 1.897700 0.000000 0.000000 0.000000 1.000000
0.517083 0.050151 0.854465 0.000000 -0.256861 0.961363 0.099015 7.472600 -0.816485 -0.270678 0.509986 1.897700 0.000000 0.000000 0.000000 1.000000
0.560183 0.062573 0.826002 -0.000000 -0.262354 0.959214 0.105260 7.472600 -0.785726 -0.275670 0.553752 1.897700 0.000000 0.000000 0.000000 1.000000
0.592298 0.089299 0.800755 0.000000 -0.283418 0.953415 0.103313 7.472600 -0.754226 -0.288141 0.590015 1.897700 0.000000 0.000000 0.000000 1.000000
0.604115 0.111829 0.789012 0.000000 -0.309055 0.945491 0.102624 7.472600 -0.734527 -0.305845 0.605746 1.897700 0.000000 0.000000 0.000000 1.000000</float_array><technique_common><accessor source="#Head-Matrix-animation-output-transform-array" count="21" stride="16"><param type="float4x4"/></accessor></technique_common></source><source id="Head-Interpolations"><Name_array id="Head-Interpolations-array" count="21">
 LINEAR LINEAR LINEAR LINEAR LINEAR LINEAR LINEAR LINEAR LINEAR LINEAR LINEAR
LINEAR LINEAR LINEAR LINEAR LINEAR LINEAR LINEAR LINEAR LINEAR LINEAR</Name_array><technique_common><accessor source="#Head-Interpolations-array" count="21"><param type="name"/></accessor></technique_common></source><sampler id="Head-Matrix-animation-transform"><input semantic="INPUT" source="#Head-Matrix-animation-input"/><input semantic="OUTPUT" source="#Head-Matrix-animation-output-transform"/><input semantic="INTERPOLATION" source="#Head-Interpolations"/></sampler><channel source="#Head-Matrix-animation-transform" target="Head/matrix"/></animation>
    <animation id="LeftShoulder-anim" name="LeftShoulder"><source id="LeftShoulder-Matrix-animation-input"><float_array id="LeftShoulder-Matrix-animation-input-array" count="21">

0.000000 0.033333 0.066667 0.100000 0.133333 0.166667 0.200000 0.233333 0.266667 0.300000 0.333333 0.366667 0.400000 0.433333 0.466667 0.500000
0.533333 0.566667 0.600000 0.633333 0.666667</float_array><technique_common><accessor source="#LeftShoulder-Matrix-animation-input-array" count="21"><param name="TIME" type="float"/></accessor></technique_common></source><source id="LeftShoulder-Matrix-animation-output-transform"><float_array id="LeftShoulder-Matrix-animation-output-transform-array" count="336">

0.976756 0.204854 0.063115 5.550700 -0.200915 0.977547 -0.063523 13.775400 -0.074711 0.049365 0.995983 -1.926500 0.000000 0.000000 0.000000 1.000000
0.970883 0.211551 0.112391 5.550700 -0.204884 0.976420 -0.068013 13.775400 -0.124129 0.043006 0.991334 -1.926500 0.000000 0.000000 0.000000 1.000000
0.965558 0.223240 0.133644 5.550700 -0.215315 0.973941 -0.071263 13.775400 -0.146071 0.040033 0.988464 -1.926500 0.000000 0.000000 0.000000 1.000000
0.964181 0.231701 0.129108 5.550700 -0.223901 0.971936 -0.072174 13.775400 -0.142207 0.040682 0.989001 -1.926500 0.000000 0.000000 0.000000 1.000000
0.965704 0.235453 0.109442 5.550700 -0.228630 0.970893 -0.071375 13.775400 -0.123062 0.043906 0.991427 -1.926500 0.000000 0.000000 0.000000 1.000000
0.966279 0.239012 0.095807 5.550700 -0.232830 0.969895 -0.071368 13.775400 -0.109981 0.046654 0.992838 -1.926500 0.000000 0.000000 0.000000 1.000000
0.963477 0.248099 0.100793 5.550700 -0.241485 0.967623 -0.073427 13.775400 -0.115747 0.046405 0.992194 -1.926500 0.000000 0.000000 0.000000 1.000000
0.958085 0.260857 0.118435 5.550700 -0.253107 0.964400 -0.076610 13.775400 -0.134203 0.043422 0.990002 -1.926500 0.000000 0.000000 0.000000 1.000000
0.954784 0.267224 0.130305 5.550700 -0.258816 0.962773 -0.077994 13.775400 -0.146296 0.040743 0.988401 -1.926500 0.000000 0.000000 0.000000 1.000000
0.958692 0.258724 0.118201 5.550700 -0.251241 0.965046 -0.074598 13.775400 -0.133370 0.041820 0.990184 -1.926500 0.000000 0.000000 0.000000 1.000000
0.968619 0.236799 0.075523 5.550700 -0.231999 0.970397 -0.067128 13.775400 -0.089183 0.047500 0.994882 -1.926500 0.000000 0.000000 0.000000 1.000000
0.977735 0.209284 0.015283 5.550700 -0.208049 0.976309 -0.059471 13.775400 -0.027367 0.054967 0.998113 -1.926500 0.000000 0.000000 0.000000 1.000000
0.982617 0.182228 -0.035460 5.550700 -0.183975 0.981413 -0.054600 13.775400 0.024851 0.060175 0.997878 -1.926500 0.000000 0.000000 0.000000 1.000000
0.985377 0.160793 -0.056365 5.550700 -0.163768 0.985083 -0.052843 13.775400 0.047028 0.061301 0.997011 -1.926500 0.000000 0.000000 0.000000 1.000000
0.987090 0.152753 -0.048162 5.550700 -0.155234 0.986463 -0.052842 13.775400 0.039438 0.059636 0.997441 -1.926500 0.000000 0.000000 0.000000 1.000000
0.986203 0.163020 -0.028776 5.550700 -0.164381 0.984923 -0.053896 13.775400 0.019556 0.057882 0.998132 -1.926500 0.000000 0.000000 0.000000 1.000000
0.982479 0.185640 -0.016527 5.550700 -0.186282 0.980920 -0.055638 13.775400 0.005883 0.057742 0.998314 -1.926500 0.000000 0.000000 0.000000 1.000000
0.978391 0.206300 -0.013843 5.550700 -0.206757 0.976733 -0.056952 13.775400 0.001772 0.058583 0.998281 -1.926500 0.000000 0.000000 0.000000 1.000000
0.976711 0.214434 -0.007287 5.550700 -0.214491 0.974999 -0.058058 13.775400 -0.005345 0.058268 0.998287 -1.926500 0.000000 0.000000 0.000000 1.000000
0.977412 0.210767 0.015614 5.550700 -0.209496 0.975964 -0.060040 13.775400 -0.027893 0.055413 0.998074 -1.926500 0.000000 0.000000 0.000000 1.000000
0.976756 0.204854 0.063115 5.550700 -0.200915 0.977547 -0.063523 13.775400 -0.074711 0.049365 0.995983 -1.926500 0.000000 0.000000 0.000000 1.000000</float_array><technique_common><accessor source="#LeftShoulder-Matrix-animation-output-transform-array" count="21" stride="16"><param type="float4x4"/></accessor></technique_common></source><source id="LeftShoulder-Interpolations"><Name_array id="LeftShoulder-Interpolations-array" count="21">
 LINEAR LINEAR LINEAR LINEAR LINEAR LINEAR LINEAR LINEAR LINEAR LINEAR LINEAR
LINEAR LINEAR LINEAR LINEAR LINEAR LINEAR LINEAR LINEAR LINEAR LINEAR</Name_array><technique_common><accessor source="#LeftShoulder-Interpolations-array" count="21"><param type="name"/></accessor></technique_common></source><sampler id="LeftShoulder-Matrix-animation-transform"><input semantic="INPUT" source="#LeftShoulder-Matrix-animation-input"/><input semantic="OUTPUT" source="#LeftShoulder-Matrix-animation-output-transform"/><input semantic="INTERPOLATION" source="#LeftShoulder-Interpolations"/></sampler><channel source="#LeftShoulder-Matrix-animation-transform" target="LeftShoulder/matrix"/></animation>
    <animation id="LeftArm-anim" name="LeftArm"><source id="LeftArm-Matrix-animation-input"><float_array id="LeftArm-Matrix-animation-input-array" count="21">

0.000000 0.033333 0.066667 0.100000 0.133333 0.166667 0.200000 0.233333 0.266667 0.300000 0.333333 0.366667 0.400000 0.433333 0.466667 0.500000
0.533333 0.566667 0.600000 0.633333 0.666667</float_array><technique_common><accessor source="#LeftArm-Matrix-animation-input-array" count="21"><param name="TIME" type="float"/></accessor></technique_common></source><source id="LeftArm-Matrix-animation-output-transform"><float_array id="LeftArm-Matrix-animation-output-transform-array" count="336">

0.707025 0.656892 -0.261934 11.839400 -0.706527 0.640099 -0.301817 -3.135400 -0.030598 0.398456 0.916677 -0.017100 0.000000 0.000000 0.000000 1.000000
0.705849 0.668732 -0.233613 11.839400 -0.696637 0.595571 -0.399991 -3.135400 -0.128354 0.445076 0.886246 -0.017100 0.000000 0.000000 0.000000 1.000000
0.734815 0.659040 -0.160353 11.839400 -0.633289 0.581980 -0.510141 -3.135400 -0.242881 0.476410 0.845010 -0.017100 0.000000 0.000000 0.000000 1.000000
0.769921 0.636627 -0.043909 11.839400 -0.531837 0.602120 -0.595484 -3.135400 -0.352662 0.481828 0.802166 -0.017100 0.000000 0.000000 0.000000 1.000000
0.787230 0.607480 0.106002 11.839400 -0.419425 0.653483 -0.630113 -3.135400 -0.452052 0.451584 0.769234 -0.017100 0.000000 0.000000 0.000000 1.000000
0.775403 0.580642 0.248203 11.839400 -0.337599 0.713354 -0.614127 -3.135400 -0.533645 0.392403 0.749161 -0.017100 0.000000 0.000000 0.000000 1.000000
0.750218 0.568594 0.337451 11.839400 -0.311225 0.753971 -0.578503 -3.135400 -0.583362 0.328980 0.742604 -0.017100 0.000000 0.000000 0.000000 1.000000
0.738942 0.579653 0.343465 11.839400 -0.340365 0.761084 -0.552180 -3.135400 -0.581478 0.291125 0.759691 -0.017100 0.000000 0.000000 0.000000 1.000000
0.753378 0.607204 0.252438 11.839400 -0.416608 0.737741 -0.531202 -3.135400 -0.508782 0.295028 0.808764 -0.017100 0.000000 0.000000 0.000000 1.000000
0.769501 0.633913 0.077605 11.839400 -0.526026 0.698019 -0.485866 -3.135400 -0.362166 0.333052 0.870581 -0.017100 0.000000 0.000000 0.000000 1.000000
0.750979 0.648838 -0.122640 11.839400 -0.636157 0.661115 -0.397782 -3.135400 -0.177017 0.376744 0.909246 -0.017100 0.000000 0.000000 0.000000 1.000000
0.702702 0.656892 -0.273319 11.839400 -0.711417 0.643441 -0.282611 -3.135400 -0.009780 0.393035 0.919471 -0.017100 0.000000 0.000000 0.000000 1.000000
0.662736 0.666672 -0.341070 11.839400 -0.740735 0.650491 -0.167847 -3.135400 0.109964 0.363881 0.924932 -0.017100 0.000000 0.000000 0.000000 1.000000
0.657040 0.674752 -0.336169 11.839400 -0.732449 0.676908 -0.072890 -3.135400 0.178373 0.294118 0.938977 -0.017100 0.000000 0.000000 0.000000 1.000000
0.685265 0.669334 -0.287062 11.839400 -0.701530 0.712515 -0.013318 -3.135400 0.195622 0.210509 0.957819 -0.017100 0.000000 0.000000 0.000000 1.000000
0.727369 0.647104 -0.228455 11.839400 -0.664702 0.747109 -0.000115 -3.135400 0.170606 0.151938 0.973555 -0.017100 0.000000 0.000000 0.000000 1.000000
0.760817 0.620182 -0.191135 11.839400 -0.636444 0.770620 -0.032924 -3.135400 0.126873 0.146696 0.981011 -0.017100 0.000000 0.000000 0.000000 1.000000
0.773180 0.605341 -0.189088 11.839400 -0.628148 0.772033 -0.096927 -3.135400 0.087308 0.193718 0.977165 -0.017100 0.000000 0.000000 0.000000 1.000000
0.762326 0.610567 -0.214631 11.839400 -0.644700 0.745498 -0.169101 -3.135400 0.056759 0.267283 0.961945 -0.017100 0.000000 0.000000 0.000000 1.000000
0.734979 0.630769 -0.248872 11.839400 -0.677610 0.697016 -0.234550 -3.135400 0.025520 0.341028 0.939707 -0.017100 0.000000 0.000000 0.000000 1.000000
0.707024 0.656892 -0.261934 11.839400 -0.706527 0.640098 -0.301817 -3.135400 -0.030598 0.398455 0.916677 -0.017100 0.000000 0.000000 0.000000 1.000000</float_array><technique_common><accessor source="#LeftArm-Matrix-animation-output-transform-array" count="21" stride="16"><param type="float4x4"/></accessor></technique_common></source><source id="LeftArm-Interpolations"><Name_array id="LeftArm-Interpolations-array" count="21">
 LINEAR LINEAR LINEAR LINEAR LINEAR LINEAR LINEAR LINEAR LINEAR LINEAR LINEAR
LINEAR LINEAR LINEAR LINEAR LINEAR LINEAR LINEAR LINEAR LINEAR LINEAR</Name_array><technique_common><accessor source="#LeftArm-Interpolations-array" count="21"><param type="name"/></accessor></technique_common></source><sampler id="LeftArm-Matrix-animation-transform"><input semantic="INPUT" source="#LeftArm-Matrix-animation-input"/><input semantic="OUTPUT" source="#LeftArm-Matrix-animation-output-transform"/><input semantic="INTERPOLATION" source="#LeftArm-Interpolations"/></sampler><channel source="#LeftArm-Matrix-animation-transform" target="LeftArm/matrix"/></animation>
    <animation id="LeftForeArm-anim" name="LeftForeArm"><source id="LeftForeArm-Matrix-animation-input"><float_array id="LeftForeArm-Matrix-animation-input-array" count="21">

0.000000 0.033333 0.066667 0.100000 0.133333 0.166667 0.200000 0.233333 0.266667 0.300000 0.333333 0.366667 0.400000 0.433333 0.466667 0.500000
0.533333 0.566667 0.600000 0.633333 0.666667</float_array><technique_common><accessor source="#LeftForeArm-Matrix-animation-input-array" count="21"><param name="TIME" type="float"/></accessor></technique_common></source><source id="LeftForeArm-Matrix-animation-output-transform"><float_array id="LeftForeArm-Matrix-animation-output-transform-array" count="336">

0.391933 -0.020699 -0.919761 29.161200 0.007652 0.999786 -0.019240 0.594900 0.919962 0.000503 0.392008 -2.065900 0.000000 0.000000 0.000000 1.000000
0.456722 -0.020688 -0.889369 29.161200 0.008983 0.999786 -0.018644 0.594900 0.889564 0.000526 0.456810 -2.065900 0.000000 0.000000 0.000000 1.000000
0.503046 -0.020679 -0.864012 29.161200 0.009936 0.999786 -0.018144 0.594900 0.864202 0.000543 0.503144 -2.065900 0.000000 0.000000 0.000000 1.000000
0.554627 -0.020668 -0.831842 29.161200 0.010998 0.999786 -0.017508 0.594900 0.832026 0.000561 0.554736 -2.065900 0.000000 0.000000 0.000000 1.000000
0.593578 -0.020658 -0.804511 29.161200 0.011802 0.999786 -0.016965 0.594900 0.804690 0.000575 0.593695 -2.065900 0.000000 0.000000 0.000000 1.000000
0.589334 -0.020660 -0.807625 29.161200 0.011714 0.999786 -0.017027 0.594900 0.807804 0.000574 0.589450 -2.065900 0.000000 0.000000 0.000000 1.000000
0.530854 -0.020674 -0.847211 29.161200 0.010509 0.999786 -0.017812 0.594900 0.847398 0.000552 0.530957 -2.065900 0.000000 0.000000 0.000000 1.000000
